AMR.Gene.Family	AMR1A	AMR1H	AMR2A	AMR3A	AMR3H	AMR4A	AMR5A	AMR5H	AMR6A	AMR7A	AMR7H	AMR9H	AMR10A
AAK beta-lactamase	0.272489553	0.165119046	0.036140076	0.068378963	0.000394627	0.179848387	0.027627296	0	0.013615498	0.023101122	0.091128694	0.006671637	0.016286068
ACC beta-lactamase	2.353390267	0.970032485	0.599781187	0.586415368	1.550501795	1.327311384	0.384631578	0.554345289	2.500356708	0.577148395	1.714320523	0.822092406	0.762481977
ACI beta-lactamase	0.079261757	0.136106697	0.060377895	0.144860817	0.210207685	0.09382725	0.179594907	0.091725042	0.121504925	0.07280786	0.057709329	0.113028178	0.321360723
ACT beta-lactamase	3.373362161	0.694543101	0.998066476	1.045633085	0.512441132	2.144765165	0.766413687	0.299905014	0.37680243	0.447158789	2.04672646	1.218862632	0.681322562
ADC beta-lactamase with carbapenemase activity	0.004735521	0.009207255	0.004804747	0.011126949	0.008428642	0.010871116	0.011571898	0.005221281	0.007788989	0.010997336	0.006214158	0.009856384	0.004558598
ADC beta-lactamase without carbapenemase activity	1.570757757	0.721312657	0.441469238	0.995876449	2.472499473	1.051114036	0.370130793	0.328553726	1.006867225	0.9720718	0.669412765	0.742400167	0.526826727
ADC beta-lactamases pending classification for carbapenemase activity	3.81496919	0.940076866	2.183666589	3.334035426	4.208795607	1.685603479	1.234554788	1.840831887	4.892317526	1.347860549	3.051655422	1.415131569	2.328821778
AER beta-lactamase	0.223441175	0.121242771	0.050958357	0.054966514	0.003770925	0.09417596	0.007942521	0.009765105	0.011909798	0.015629477	0.122728923	0.012890157	0.032432043
AFM beta-lactamase	0.342980886	0.156272294	0.064609762	0.08034971	0.04708798	0.163127154	0.205067202	0.047639191	0.146526349	0.079319979	0.160206243	0.140538852	0.058040574
AIM beta-lactamase	0.464740214	0.094021668	0.039159606	0.093821915	0.04887705	0.418124035	0.056263527	0.085962125	0.069848937	0.070588957	0.156754874	0.030975022	0.121891128
ALG11 beta-lactamase	0.935877222	0.440908155	0.284298106	1.390552066	1.562416775	0.672698226	1.126624814	0.56550015	1.468250315	1.178964817	0.461918767	1.46593532	1.132634411
ALG6 beta-lactamases	0.017984412	0.016640113	0.012219262	0.031070788	0.018480721	0.039724921	0.010260296	0.009207255	0.018618395	0.006014567	0.011670427	0.02717779	0.024590282
ALI beta-lactamase	0.332094176	0.156406559	0.077233102	0.107598862	0.061215452	0.222569494	0.061995519	0.029429076	0.045409983	0.072615991	0.188206198	0.045805428	0.041480175
ANA beta-lactamase	0.138077666	0.04438684	0.013552528	0.027351585	0.005524775	0.1153976	0.009609494	0.00180437	0.014912212	0.010871116	0.021215146	0.006671637	0.023721013
AQU beta-lactamase	0.124283153	0.025873009	0.039073693	0.039462676	0.038056655	0.096094942	0.017442245	0.023989211	0.040766685	0.019768658	0.051922737	0.025845282	0.075148464
ARL Beta-lactamase	0.19014608	0.183646357	0.075373712	0.228339932	0.229426674	0.142545245	0.310563033	0.165105076	0.188525499	0.100654691	0.147282705	0.216280945	0.260106884
AST Beta-lactamase	0.155643544	0.066691923	0.03498757	0.060659932	0.019848072	0.110869058	0.031254459	0.010607573	0.026686546	0.010975394	0.069038833	0.048825524	0.021355499
AXC beta-lactamase	0.155088317	0.066292238	0.075674767	0.039094687	0.04408828	0.187526753	0.031822719	0.016534056	0.022304833	0.04704416	0.500683557	0.027926422	0.094428091
BAT Beta-lactamase	0.149771353	0.061861119	0.033380848	0.080396276	0.077456702	0.073288685	0.027266689	0.024783147	0.059263423	0.093212364	0.075976295	0.063169137	0.04143581
BCL Beta-lactamase	0.203601158	0.058642031	0.227573329	0.369617948	0.27097527	0.110227039	0.141617985	0.158239449	0.374624931	0.145792351	0.220766365	0.10852236	2.797164165
BEL beta-lactamase	0.091120694	0.06613242	0.108711161	0.139827097	0.109936968	0.125685962	0.158850412	0.153578467	0.156059418	0.115918623	0.102208331	0.146702268	0.144743006
BES Beta-lactamase	1.309681268	0.929480429	0.685634936	0.647438817	0.937157019	1.149221633	1.68314898	0.577419845	1.578577197	0.657842812	0.840315502	1.05524258	0.512741861
BIC Beta-lactamase	0.012230006	0.000964325	0.007251779	0.008497079	0.051320902	0.032846262	0.009035019	0.009117195	0.01223343	0.011048706	0.030630263	0.004210197	0.007131928
BIL Beta-lactamase	0	0	0.003186405	0	0	0.009035019	0.000651228	0	0	0	0.000902185	0	0.00135889
BJP beta-lactamase	0.116608604	0.037528766	0.026271414	0.08611047	0.004928192	0.225976191	0.011838803	0.003682902	0.028227889	0.007518209	0.112814129	0.031254459	0.033269206
BKC Beta-lactamase	0.136661356	0.08797869	0.056815155	0.020123451	0.02930527	0.078925352	0.02271123	0.009008901	0.012329863	0.01556057	0.102596158	0.020250821	0.027846831
BPU Beta-lactamase	0.144187297	0.143813362	0.036961441	0.117872307	0.050117599	0.069361323	0.084083074	0.028869923	0.096605202	0.093083932	0.094985993	0.029297187	0.045317755
BRO Beta-lactamase	0.205954938	0.043121681	0.072286332	0.06708655	0.049719179	0.11171037	0.027065553	0.041494852	0.063188362	0.0602703	0.072517789	0.046025845	0.060485349
BSU beta-lactamase	0.177414917	0.207741801	0.090369528	0.390387625	0.299095506	0.104954199	0.280090251	0.170540634	0.214080106	0.124730596	0.180562931	0.283486889	0.269871988
BUT beta-lactamase	0.503399411	0.14995817	0.157137157	0.266663464	0.088113411	0.326123603	0.248676781	0.095468156	0.115738391	0.103735174	0.171680637	0.245903095	0.145792351
Bah amidohydrolase	0.929346025	0.343737532	0.219216586	0.181038475	0.143286911	0.780002582	0.144648721	0.037129108	0.137723491	0.175346416	1.078600217	0.141685524	0.303472349
BlaA beta-lactamase	0.095141638	0.054053405	0.037891774	0.098550274	0.078815592	0.10848654	0.058884444	0.037882811	0.113028178	0.119844469	0.132650505	0.086613353	0.064324162
BlaB beta-lactamase	0.552545915	0.123298629	0.151715553	0.370297393	0.188043337	0.214362583	0.077535847	0.192453384	0.250341779	0.107188179	0.531402225	0.114441761	0.185986557
BlaZ beta-lactamase	0.602058185	0.495344796	0.275175127	0.389587221	0.183905112	0.424853956	0.284097852	0.228148359	0.229571617	0.259840058	0.531167622	0.254734064	0.274471178
CAM beta-lactamase	0.084930595	0.026518932	0.010442562	0.014869888	0.117915883	0.135823731	0.014373894	0.057959311	0.015390444	0.021483596	0.058257558	0.022554627	0.040198138
CAR beta-lactamase	0.699135483	0.096883766	0.035758541	0.172902564	0.001775474	0.362632805	0.0253979	0.003157014	0.027007949	0.044443911	0.103751286	0.043439923	0.073380034
CARB beta-lactamase	0.657301236	0.366082492	0.614017938	1.040427534	1.093237288	1.367579254	0.419488248	0.406346868	0.837827774	0.2905036	1.251977489	0.673329755	0.417070478
CAU beta-lactamase	0.086741016	0.031770082	0.039948156	0.018891403	0.002604913	0.062351028	0.007979621	0.00180178	0.004811654	0.006483571	0.14132451	0.016875684	0.019434767
CBP beta-lactamase	0.200395904	0.134935994	0.066119911	0.139362838	0.060772521	0.165116779	0.096695535	0.033982305	0.099198631	0.11278783	0.19479361	0.043800744	0.071871128
CDD beta-lactamase	0.173108677	0.049281921	0.064471593	0.049722972	0.170027315	0.115914524	0.039696144	0.062890635	0.132491728	0.056895163	0.058594373	0.05204461	0.09592121
CGA beta-lactamase	0.234499809	0.217510224	0.069848937	0.219746494	0.272068804	0.105254927	0.180243264	0.099198935	0.196240098	0.098334121	0.111524164	0.177179305	0.230811569
CGB beta-lactamase	0.023444216	0.004340894	0.010434889	0.015615428	0.013833505	0.036307996	0.010191671	0.003857299	0.005511352	0.007434944	0.034213935	0.005326421	0.01067775
CIA beta-lactamase	0.078530726	0.072430408	0.050449844	0.054431834	0.089473275	0.143362844	0.070877873	0.031037614	0.046733935	0.063540165	0.093212364	0.049281921	0.104847743
CKO beta-lactamase	0.037442838	0.007207121	0.002105099	0.018802355	0.032613348	0.020732983	0.009572348	0.00424854	0.027493341	0.015979262	0.011499115	0.014327021	0.01460119
CMA beta-lactamase	0.242039135	0.021351714	0.019450712	0.057752804	0.002410812	0.079479496	0.00354045	0.001832889	0.030183051	0.00616024	0.229232332	0.008681789	0.033146119
CME beta-lactamase	0.039395416	0.051220208	0.059791139	0.066538411	0.039449677	0.059125509	0.090422542	0.120732205	0.064066498	0.069681419	0.050117599	0.076113311	0.124923424
CMH beta-lactamase	0.280090251	0.086968929	0.031340556	0.038289392	0.022304833	0.142965371	0.049713261	0.013141846	0.04363229	0.011838803	0.125218672	0.024624329	0.028869923
CMY beta-lactamase	2.732726816	0.866445836	0.330391045	0.702425208	1.322124197	2.606395256	0.505961059	0.599781187	0.678363404	0.702820489	1.847425256	0.342228878	1.005601805
CPS beta-lactamase	0.182257388	0.048151812	0.020888653	0.091644468	0.051488735	0.121972755	0.050795801	0.014206563	0.054629715	0.010810681	0.089015596	0.047978423	0.033292793
CRD3 beta-lactamase	0.145905791	0.023366968	0.027493341	0.101201996	0.001642731	0.161504598	0.009076416	0.003069085	0.027627296	0.009623308	0.060945564	0.016306674	0.035680018
CRH beta-lactamase	0.127810232	0.064151128	0.081671786	0.038604172	0.052749486	0.089974902	0.050946813	0.019218988	0.024960454	0.02658264	0.133171173	0.034715693	0.035388681
CRP beta-lactamase	0.246829101	0.063029313	0.018480721	0.034515095	0.000394627	0.108031796	0.00360356	0	0.007780285	0.006794448	0.046287591	0.004641138	0.008851124
CSA beta-lactamase	0.830033912	0.066941276	0.066425278	0.086423261	0.008593438	0.289486012	0.007217481	0.007780285	0.031933904	0.023143795	0.132852589	0.012745619	0.086756763
CSP beta-lactamase	0.617256065	0.799057022	0.707171158	1.134333855	3.260621494	0.65618929	1.308384554	0.875804293	2.037136148	0.52009758	0.531067446	1.306850119	0.823819754
CTX-M beta-lactamase	2.866706609	0.650344904	0.664150017	1.009597482	0.48898432	1.801784279	0.781361471	0.292672578	0.438877657	0.422375642	1.62210709	1.115885162	0.506371742
CVI beta-lactamase	0.107733106	0.054015898	0.04264213	0.028869923	0.007780285	0.182091195	0.008196761	0.002320569	0.009913259	0.010997336	0.246790831	0.011499115	0.033212639
CblA beta-lactamase	0.200718166	0.056455778	0.03308012	0.079747919	0.048920023	0.084860583	0.030457471	0.024075058	0.070260759	0.1278341	0.18562857	0.057308083	0.062351028
CepA beta-lactamase	0.242639728	0.03127575	0.096605202	0.11142894	0.061716787	0.100654691	0.032926182	0.043378382	0.181098308	0.042710998	0.200578291	0.031570141	0.093300187
CepS beta-lactamase	0.002706555	0	0	0.000482162	0	0.00354045	0	0.000887737	0.004517509	0	0	0.000613817	0.003002967
CfiA beta-lactamase	2.028060894	1.762479702	1.98940207	1.573636013	3.468224465	2.869082822	3.903378726	1.462441016	4.635442444	1.485375132	2.187030046	2.629397845	1.267269326
CfxA beta-lactamase	0.447754095	0.090164369	0.049892239	0.100194725	0.122803588	0.420787245	0.06283445	0.064471593	0.072611324	0.076727128	0.164562588	0.037891774	0.127726341
CphA beta-lactamase	0.381872622	0.104135544	0.074703487	0.202228793	0.198853044	0.289120605	0.106150199	0.039857303	0.133198294	0.104503249	0.144048886	0.115407557	0.146760068
DES beta-lactamase	0.209721445	0.155071694	0.169236785	0.585906291	0.16263034	0.450649926	0.268346198	0.151612804	0.395190448	0.224042631	0.560180503	0.413102413	0.274350407
DHA beta-lactamase	0.664542397	0.648231873	0.560161923	0.512942665	0.755424731	0.521301953	0.632845349	0.393989261	0.348544174	0.709950984	1.019846581	0.50193106	0.248010837
DHT2 beta-lactamase	0.301204819	0.084334996	0.043943047	0.125687046	0.030780887	0.24307154	0.073872987	0.024358997	0.106330558	0.086289484	0.20684767	0.033358183	0.058417419
DIM beta-lactamase	0.272535199	0.055442162	0.016931934	0.069059683	0.004910536	0.130328765	0.00360874	0.003241785	0.019024453	0.005303786	0.041770246	0.010621349	0.029937193
EAM beta-lactamase	0.329367508	0.134804241	0.01578507	0.107417979	0.003002967	0.117885519	0.011670427	0.003397224	0.017357846	0.008121992	0.10196495	0.021994672	0.055039682
EBR beta-lactamase	0.123733361	0.044592824	0.044808643	0.058257558	0.019547344	0.108923987	0.038048906	0.014947034	0.017404269	0.009205169	0.122192624	0.028407578	0.020123451
EC beta-lactamase	0.322804691	0.112328515	0.049849251	0.039996872	0.041494852	0.307788475	0.038572992	0.013053202	0.029031687	0.043989345	0.328462617	0.043943047	0.086613353
ECM beta-lactamase	0.1153976	0.046245691	0.015337147	0.03760471	0.052317246	0.045323266	0.013053202	0.013807754	0.028104304	0.039948156	0.096099747	0.02930527	0.014995817
ECV beta-lactamase	0.430625458	0.078790831	0.080396276	0.097840045	0.095468156	0.107036256	0.049566295	0.038490677	0.138486941	0.044353729	0.235093386	0.046960585	0.09882454
EFM beta-lactamase	0.464625323	0.598433569	0.245279558	0.436356974	0.210301587	0.588068685	0.241941396	0.532642082	1.385232672	0.498189586	0.502359868	1.231930761	0.342938824
ELM beta-lactamase	0.269716538	0.115505609	0.028929744	0.05018231	0.024429102	0.121581661	0.144701099	0.021355499	0.082705983	0.031570141	0.12767394	0.069668833	0.027065553
ERP beta-lactamase	0.072700589	0.017357846	0.01247306	0.038236856	0.01955082	0.104752943	0.020534134	0.024746672	0.030780887	0.029463217	0.051050438	0.016840788	0.04862678
ESP beta-lactamase	0.080038959	0.045831242	0.039653036	0.099586989	0.189975676	0.123615486	0.121779676	0.039462676	0.118466685	0.064864086	0.059243488	0.101143702	0.106672827
EVM beta-lactamase	0.067006437	0.026907417	0.032992009	0.058590629	0.007392288	0.140014067	0.007103282	0.004910536	0.011411274	0.003007284	0.178946549	0.025139456	0.027483257
EXO beta-lactamase	0.24535316	0.103863731	0.051488735	0.047639191	0.015629477	0.162980853	0.021483596	0.009609494	0.017742973	0.029176068	0.108031716	0.017357846	0.014503558
FAR beta-lactamase	0.437654244	0.143738937	0.074240017	0.131805339	0.168799681	0.240237355	0.104653471	0.097901917	0.214025099	0.097396805	0.072517789	0.086741016	0.215059019
FEZ beta-lactamase	0.034497345	0.022792988	0.008287162	0.006751987	0.006005934	0.028869923	0.007780285	0.006115003	0.011089735	0.002320569	0.125331917	0.014052152	0.059478366
FIA beta-lactamase	0.263096199	0.028807754	0.055243532	0.097896722	0.037591046	0.169221193	0.095801711	0.045805428	0.025816333	0.037174721	0.088589653	0.123395416	0.043943047
FIM beta-lactamase	0.09747281	0.062609336	0.060059339	0.044507798	0.077802848	0.109390606	0.081485446	0.026976617	0.05346079	0.077592317	0.093212364	0.062013084	0.122430905
FONA beta-lactamase	0.210539238	0.081680701	0.038192502	0.145231982	0.110070051	0.105593566	0.044670958	0.042485396	0.078814243	0.094100101	0.049692604	0.085310896	0.047749838
FOX beta-lactamase	0.627019495	0.076685733	0.167276122	0.247317892	0.105593566	0.186805823	0.080722252	0.073926538	0.209505886	0.079672439	0.261142515	0.064324162	0.111100881
FPH beta-lactamase	0.277271552	0.201639047	0.081533371	0.1205406	0.012763131	0.180208887	0.051320902	0.029295315	0.035729393	0.056005627	0.191788606	0.059540251	0.073272393
FRI beta-lactamase	0.293057393	0.188885643	0.135487635	0.113997964	0.147282705	0.265768958	0.297391829	0.090350189	0.281330589	0.140881754	0.431513366	0.209607092	0.116682605
FTU beta-lactamase	0.483764668	0.460465094	0.55287562	0.357231368	5.221901806	0.971184063	0.487891021	0.765844383	1.238338779	0.6635362	0.617410001	0.407787662	0.50118001
GES beta-lactamase	0.491090464	0.137723491	0.128913219	0.458959928	0.048871239	0.618666806	0.059983268	0.053402081	0.127325798	0.051123822	0.405871522	0.148798402	0.130183849
GIL beta-lactamase	0.112940343	0.021383709	0.02219342	0.030390518	0.002604913	0.086423261	0.004296719	0.000600593	0.003909469	0.009076999	0.142003954	0.004339462	0.01015249
GIM beta-lactamase	0.205283609	0.04438684	0.031622566	0.085310896	0.02683462	0.140564098	0.029429076	0.004210197	0.027230997	0.036690017	0.178400089	0.013343273	0.052398655
GMB beta-lactamase	0.052376471	0.01232048	0.022141759	0.009076416	0.014731609	0.041440944	0.007818937	0.012318784	0.013588895	0.007714598	0.038579464	0.011683484	0.020772746
GOB beta-lactamase	1.034920348	1.117507619	0.486180171	1.723598195	1.482865071	0.674232992	1.790762209	1.239986683	1.329321742	0.648599101	0.908833422	1.417434444	2.134119276
GPC beta-lactamase	0.041027378	0.007103282	0.005524353	0.00180178	0.000601457	0.057055422	0.00135889	0.000964325	0.001740427	0.00212427	0.022605636	0.008877368	0.01683799
GRD23 beta-lactamase	0.016179697	0.020255962	0.00540534	0.005413111	0.009725356	0.049599467	0.001446487	0.003190783	0.007434944	0.008553484	0.104752943	0.007392288	0.013675793
GRD33 beta-lactamase	0.077340945	0.028227889	0.006315296	0.021395783	0.006115003	0.03616218	0.002030498	0.001770225	0.005498668	0.004438684	0.044764412	0.003256141	0.011049549
HERA beta-lactamase	0.335731703	0.04781581	0.080396276	0.132491728	0.124880062	0.118349031	0.053814834	0.060485349	0.239688937	0.062423767	0.237047071	0.052090733	0.141177915
HMB beta-lactamase	0.108863668	0.215254545	0.072021144	0.072806523	0.071937646	0.148698885	0.080647132	0.139374678	0.235731857	0.101591602	0.249404114	0.418623208	0.093692568
IDC beta-lactamase	0.393552737	0.153554515	0.061234625	0.04786174	0.038236856	0.207727462	0.06658026	0.021355499	0.038422465	0.026045366	0.497805604	0.061861119	0.059243488
IMI beta-lactamase	1.248819465	0.435392649	0.210011516	0.665958577	1.137002371	1.187791843	0.719105369	0.649274532	0.651528784	0.741490962	0.775366062	0.394555614	0.8169299
IMP beta-lactamase	1.123920559	0.268315818	0.28890069	0.653730541	1.777249081	0.719105369	0.72286332	0.261242916	0.791823957	0.503297258	0.48537558	0.54980679	0.735838673
IND beta-lactamase	0.367810224	0.153655514	0.108140473	0.303605987	0.040246902	0.563312407	0.054063866	0.024552681	0.114112743	0.03488449	0.508960295	0.091725042	0.111861677
JOHN beta-lactamase	0.068330678	0.138077666	0.113630311	0.124026169	0.14587512	0.080109233	0.170641132	0.078677734	0.089316324	0.156254052	0.110749496	0.097396805	0.069617077
KBL beta-lactamase	0.091644468	0.061253839	0.016427307	0.039073693	0.019336711	0.068133689	0.030029669	0.008721123	0.030472782	0.032613348	0.021697308	0.009862419	0.009559214
KHM beta-lactamase	0.21660778	0.021355499	0.016280705	0.038673423	0.004910536	0.094293162	0.003007284	0.003890142	0.007473892	0.001446487	0.020304981	0.005310674	0.023827562
KLUC beta-lactamase	0.014784576	0.009768423	0.005130148	0.002455268	0.001201187	0.006916752	0.005835214	0.000679445	0.00192865	0.000870213	0.054876969	0.004887705	0.029295315
KPC beta-lactamase	0.32496288	0.056431627	0.050332996	0.075074173	0.011427678	0.309914676	0.044163909	0.018322171	0.017114198	0.021596743	0.144187297	0.039948156	0.094867699
L1 family beta-lactamase	0.106943853	0.025166498	0.019819582	0.011126949	0.009725356	0.047561133	0.009643248	0.004351067	0.006726854	0.016496004	0.059478366	0.01232048	0.040376149
LAP beta-lactamase	0.20808397	0.054053405	0.011126949	0.041494852	0.011550561	0.050627052	0.006961708	0.00283236	0.01955082	0.023081157	0.147024399	0.020839303	0.018547458
LCR beta-lactamase	0.138136479	0.026464096	0.009076999	0.025139456	0.000964325	0.031907827	0.001770225	0.001832889	0.006214158	0.002874779	0.041678606	0.002367761	0.007979621
LEN beta-lactamase	0.098037447	0.108923987	0.076097813	0.104629241	0.074838358	0.098070455	0.132578998	0.151802993	0.092814285	0.130896871	0.132594592	0.108031796	0.159757841
LHK beta-lactamase	0.623719495	0.249356226	0.093539506	0.079189425	0.04779607	0.323810455	0.175771887	0.037372124	0.094428091	0.059588641	0.364607311	0.128526985	0.072174807
LMB beta-lactamase	0.234408441	0.065091924	0.039159606	0.05133652	0.084923874	0.265433304	0.054210113	0.048842116	0.077346845	0.065678421	0.270867617	0.028268466	0.105033844
LRG beta-lactamase	0.219866055	0.057434089	0.041069216	0.161294264	0.156241677	0.107598862	0.130245643	0.036305662	0.093300187	0.111109776	0.096834533	0.107627272	0.118223388
LUS beta-lactamase	0.005801423	0.004602585	0.003665779	0.032846262	0.002053413	0.029956498	0.001578507	0	0.007207121	0.00180437	0.025934283	0.006794448	0.010607573
LUT beta-lactamase	0.118605063	0.021994672	0.031958525	0.032443932	0.001953685	0.077346845	0.01227634	0.00180178	0.005713839	0.012318784	0.147439512	0.003857299	0.01247306
MAL beta-lactamase	0.237664655	0.114518048	0.027515739	0.082705983	0.020125965	0.161433877	0.041440944	0.008119666	0.060945564	0.046202244	0.107040053	0.020595052	0.032572137
MBL beta-lactamase	0.233474779	0.053388748	0.023444216	0.013811937	0.004910536	0.103302062	0.002405827	0.008428642	0.023780567	0.016875684	0.044670958	0.015577978	0.041545492
MIR beta-lactamase	0.126079582	0.048190888	0.039462676	0.098210723	0.028828483	0.0625515	0.030472782	0.054355581	0.037126505	0.031037614	0.054168879	0.028715267	0.10830389
MOC beta-lactamase	0.168668108	0.043014317	0.049105362	0.069668833	0.01473569	0.150418839	0.063867807	0.02603677	0.033938325	0.029385732	0.200395904	0.116293521	0.067351959
MOX beta-lactamase	1.514972139	1.559095234	2.068443622	1.180659557	5.922741772	3.256578724	1.68419327	0.610019638	2.256328554	1.758351866	2.910001243	1.594680838	1.23407747
MSI beta-lactamase	0.344965166	0.133932325	0.037290317	0.110869058	0.078136147	0.196240098	0.039449677	0.021950788	0.091033505	0.111854837	0.13182914	0.126989502	0.049722972
MSI-OXA family beta-lactamase	0.218615993	0.112773137	0.293057393	0.317980147	0.761816595	0.109646896	0.164984953	0.228500208	0.809615965	0.196717003	0.351663237	0.222964121	0.214835957
MUS beta-lactamase	0.038192502	0.012967141	0.031254459	0.020250821	0.002030498	0.026199327	0.008553484	0.004438684	0.008213654	0.005861054	0.121150416	0.014117791	0.03363323
MYO beta-lactamase	0.099198631	0.057752804	0.015911359	0.030457471	0.027615507	0.04704416	0.04172363	0.021766182	0.037120008	0.020125965	0.063223153	0.033032636	0.015036418
MYX beta-lactamase	0.754863126	0.363068289	0.329810903	0.414586653	1.127226961	1.423042096	0.429163398	0.364036573	0.89698663	0.514378664	0.554948289	0.319072794	0.389014238
NDM beta-lactamase	0.376086674	0.100364619	0.146574615	0.282264962	0.796299913	0.275978759	0.216207768	0.102208331	0.356627689	0.177175049	0.286594131	0.215254545	0.242561779
NPS beta-lactamase	0.024075906	0.013453709	0.01955082	0.059478366	0.028337105	0.031258954	0.021704472	0.030077034	0.043843317	0.010826221	0.022692497	0.018345008	0.014947034
NmcA beta-lactamase	0.839440609	0.531537916	0.527315661	0.401647659	0.873948266	0.783728749	0.51315103	0.273269991	0.350950001	0.481729298	0.81397482	0.460465094	0.430465593
OCH beta-lactamase	0.49121435	0.256555936	0.06447718	0.125687046	0.041830437	0.402663966	0.034834416	0.006916752	0.073912705	0.067265031	0.150916832	0.024365977	0.04708798
OHIO beta-lactamase	0.186424729	0.02915847	0.022792988	0.019336711	0.006751987	0.067266459	0.004510925	0.003241785	0.010191671	0.004339462	0.040609962	0.005664719	0.027493341
OKP beta-lactamase	0.411504043	0.175831618	0.06708655	0.123377221	0.139337666	0.176226821	0.108923987	0.044843354	0.11234384	0.038289392	0.167109223	0.094699284	0.17222094
ORN beta-lactamase	0.108755112	0.006314028	0.014731609	0.028227889	0.006916752	0.123836199	0.012230006	0.004339462	0.007831921	0.00424854	0.170458711	0.01953021	0.028337105
ORR beta-lactamase	0.166137867	0.0865482	0.056455778	0.028869923	0.019450712	0.164425631	0.020732983	0.009572348	0.020888653	0.040934529	0.439429718	0.022176865	0.059261768
OXA beta-lactamase	22.48595894	9.525411106	4.982768265	14.508286	25.50635621	15.44655471	4.59066609	4.042131351	14.22383245	13.41902953	10.93565834	10.22623668	6.791921201
OXY beta-lactamase	0.86725685	0.267948972	0.573147644	1.0368327	0.468179692	0.350115883	0.506992388	0.497934945	1.075049269	0.641897025	0.915626872	0.490126438	0.736580425
PAC beta-lactamase	0.070671166	0.080396276	0.086968929	0.071842198	0.040900033	0.092405736	0.08797869	0.10564068	0.090760872	0.115267394	0.11089012	0.096369272	0.124923424
PAM beta-lactamase	0.274903395	0.070662255	0.043394616	0.03277804	0.023721013	0.180234121	0.033733999	0.008624336	0.042981062	0.019731338	0.190283277	0.036636197	0.027366281
PAU beta-lactamase	0.263624566	0.069431386	0.033358183	0.060895734	0.080036169	0.166894519	0.051335335	0.053400714	0.046171331	0.068747506	0.094293162	0.030975022	0.095308488
PDC beta-lactamase	2.813899778	0.49747203	0.38590901	0.987316406	0.803401807	1.39098223	0.717653494	0.217833973	0.597243962	0.470264621	0.877525366	0.51220208	0.859497619
PER beta-lactamase	0.704582834	0.599044079	2.130428407	2.538927259	4.907247317	2.839355024	1.038263011	1.279194672	3.061825083	0.706410927	1.800487565	1.72375135	1.293159562
PFM beta-lactamase	0.280403611	0.149685965	0.146476573	0.055442162	0.158248457	0.184290698	0.074885677	0.062461712	0.055033291	0.085583132	0.245279558	0.048698403	0.033358183
PFM-like beta-lactamase	0.25049488	0.118068995	0.038193489	0.050795801	0.020125965	0.138722647	0.057056372	0.009924036	0.054461993	0.059791139	0.070395711	0.01769434	0.025137192
PLA beta-lactamase	0.107416153	0.032443932	0.032561411	0.021704472	0.076727128	0.066065272	0.027967738	0.040198138	0.045522799	0.02217947	0.010442562	0.025845282	0.05865246
PLN beta-lactamase	0.015195259	0.0253979	0.010260296	0.022097413	0.020420175	0.014434961	0.005835214	0.01290945	0.02217947	0.007831921	0.043547531	0.017106967	0.037284946
PME beta-lactamase	0.257235145	0.066297296	0.044808643	0.058257558	0.000601457	0.180243264	0.01426834	0.006268111	0.009862419	0.008851124	0.198563015	0.026632104	0.043121681
PNGM beta-lactamase	0.091158782	0.093914004	0.058858152	0.049018723	0.075857776	0.161028408	0.087753557	0.047281598	0.055585059	0.110584325	0.245903095	0.074333565	0.143921436
POM beta-lactamase	0.205628702	0.059458745	0.021351714	0.063538992	0.022421677	0.104147079	0.01015249	0.008851124	0.035435861	0.055039682	0.052978065	0.016931934	0.024072232
PRC beta-lactamase	0.102100876	0.013833505	0.023989211	0.02717779	0.014947034	0.037999321	0.006726854	0.005498668	0.020417946	0.011499115	0.076193701	0.014995817	0.038056655
PST beta-lactamase	0.116983334	0.041494852	0.025139456	0.039055155	0.009282277	0.114356523	0.015885041	0.014203789	0.013963211	0.008465967	0.051301479	0.020255962	0.057656965
PSV beta-lactamase	0.014263855	0.008832782	0.009643248	0.006091494	0.018764383	0.02932623	0.007989631	0.003285461	0.020839303	0.011049549	0.108645613	0.010810681	0.011427678
R39 beta-lactamase	0.262945121	0.070395711	0.042060317	0.078597982	0.046433197	0.274310672	0.057906258	0.073588788	0.067481176	0.093300187	0.255252189	0.038793959	0.1147592
RAHN beta-lactamase	0.589684618	0.117478818	0.072579218	0.262103179	0.15002752	0.278032173	0.149131262	0.041041183	0.158978608	0.121319864	0.223741903	0.183485049	0.169861189
RCP beta-lactamase	0.072517789	0.014515844	0.036657787	0.04438684	0.003696144	0.123733361	0.008287162	0.004910536	0.015014835	0.004510925	0.125132913	0.023101122	0.041948129
ROB beta-lactamase	0.278633386	0.238886581	0.268984252	0.275157394	0.343848498	0.269924705	0.274376208	0.172970895	0.176828278	0.309914676	0.320018481	0.245902825	0.141844795
RSA beta-lactamase	0.20345072	0.071018944	0.020123451	0.028002813	0.003157014	0.108031796	0.019819582	0.003007284	0.024637568	0.015627229	0.065091924	0.009572348	0.026907417
RSA2 beta-lactamase	0.293840882	0.054210113	0.03646878	0.034332528	0.015345426	0.112310963	0.01293132	0.01102207	0.027857235	0.01205406	0.038869535	0.007434944	0.057430533
RSD2 beta-lactamase	0.286656509	0.257235145	0.055247747	0.170027315	0.132731138	0.118186247	0.127077984	0.095801711	0.172131977	0.077158927	0.107983714	0.163738117	0.193526623
RUB beta-lactamase	0.864179843	0.383971839	1.187735936	1.16695295	1.736706303	1.696750434	1.018487692	0.561237036	0.800886457	0.423791822	0.806471321	1.323615574	0.610274459
Rm3 family beta-lactamase	0.023282979	0.007979621	0.024624329	0.014134233	0.018153998	0.029216125	0.013018385	0.006381565	0.010267304	0.014663115	0.096763312	0.009445702	0.027351585
SCO beta-lactamase	0.221587945	0.127325798	0.066460968	0.167276122	0.292161246	0.153809806	0.071937646	0.054522924	0.198563015	0.203291728	0.086243362	0.156946	0.084450127
SFC beta-lactamase	0.0726718	0.009021851	0.031769496	0.015627229	0	0.031037614	0.00141618	0	0.007989631	0.004106827	0.111360025	0.004735521	0.012890157
SFH beta-lactamase	0.063754413	0.063538992	0.050278912	0.068949223	0.037129108	0.059479554	0.054375718	0.042611367	0.05667421	0.058610539	0.046960585	0.061995519	0.073272393
SFO beta-lactamase	0.051868565	0.009512227	0.030858394	0.010442562	0.020888653	0.062318238	0.04172363	0.013963211	0.039073693	0.016968951	0.025166498	0.028227889	0.016239332
SGM beta-lactamase	0.870368735	0.348603417	0.207110804	0.402195079	0.730711894	1.043090744	0.325671364	0.351012009	0.317279917	0.425375196	0.631223649	0.175926093	0.531004435
SHD beta-lactamase	0.203954696	0.047571669	0.025491237	0.087367726	0.051488735	0.091171554	0.041027378	0.015390444	0.057084983	0.053452811	0.041801243	0.033714567	0.065906142
SHN beta-lactamase	0.029587258	0.017702248	0.033602972	0.074569892	0.027515739	0.07684493	0.014995817	0.025780315	0.063662899	0.015637875	0.038253067	0.042125575	0.033269206
SHV beta-lactamase	1.372278279	1.39910555	2.897572928	1.306381598	6.90432155	1.879607267	2.021913268	1.481063291	1.577019541	1.803080993	2.304676618	1.629708919	0.909082998
SHW beta-lactamase	0.642122242	0.295616356	0.105134766	0.230534789	0.265583811	0.464045668	0.178976829	0.049920908	0.267771467	0.15559285	0.282547168	0.075998642	0.114002478
SIM beta-lactamase	0.058590629	0.007802971	0.017583162	0.021704472	0.041739557	0.061861119	0.010525493	0.007131928	0.036010572	0.014464872	0.021755337	0.014161799	0.027493341
SMB beta-lactamase	0.157702148	0.080752299	0.018942085	0.065678421	0.012612461	0.068265339	0.018153998	0.01426834	0.02603677	0.008412063	0.082492477	0.020772746	0.074569892
SME beta-lactamase	0.353616922	0.082082366	0.101893626	0.153151313	0.089316324	0.24054047	0.13996562	0.063163275	0.068166721	0.070454948	0.122192624	0.16955773	0.113759102
SPG beta-lactamase	0.277422614	0.114169966	0.048648064	0.034583762	0.013615498	0.333607376	0.013018385	0.006671637	0.015577978	0.041545492	0.47227598	0.014373894	0.044934747
SPM beta-lactamase	0.129515391	0.052251625	0.025561911	0.066780778	0.102596158	0.081967608	0.031327685	0.029031687	0.073926538	0.067467997	0.074333565	0.065122822	0.048933718
SPN79 beta-lactamase	0.245642695	0.021953171	0.038253067	0.021742232	0.000964325	0.064395796	0.007434944	0.006720594	0.023968894	0.006981606	0.331475162	0.009076416	0.039898106
SPR beta-lactamase	0.587623223	1.056822013	1.142826083	1.238193048	2.054283916	1.191361303	1.60255627	1.72487261	2.47066699	1.527130167	0.928556771	2.274192063	1.231216442
SPS beta-lactamase	0.438937732	0.184808974	0.061716787	0.078319212	0.071517083	0.271878589	0.173108677	0.052978065	0.106801427	0.059588641	0.158978608	0.11531393	0.058642031
SPU beta-lactamase	0.010871116	0.004821624	0.004641138	0	0.012219262	0.015979262	0.001642731	0.006512282	0.004735521	0.005524353	0.041440944	0.001202913	0.009725356
SRT beta-lactamase	0.630186259	0.152287356	0.114710568	0.369632689	0.498020347	0.34661618	0.250722863	0.079319979	0.26578277	0.253450409	0.231861569	0.236650328	0.292840691
SST beta-lactamase	0.130241948	0.082846522	0.050709939	0.126946363	0.078029709	0.184297585	0.105365345	0.039898106	0.183180983	0.052326735	0.127077984	0.108711161	0.049662727
STA beta-lactamase	0.070454948	0.045211271	0.045274577	0.036550758	0.035817552	0.079714606	0.03498757	0.017417208	0.023156084	0.025934283	0.103275603	0.039537317	0.019144696
Sed beta-lactamase	0.310369266	0.166894519	0.042300316	0.089218266	0.06827043	0.170641132	0.073872987	0.021351714	0.093363417	0.064547252	0.127773037	0.027266689	0.041777306
Subclass B1 Vibrio cholerae varG beta-lactamase	0.529091135	0.129775726	0.126338274	0.175608909	0.151612804	0.30510144	0.105555656	0.139396769	0.190244532	0.164417379	0.106166043	0.096654275	0.202839757
TEM beta-lactamase	1.220959601	0.631040142	0.271897839	0.521130651	0.38317858	0.529883378	0.32223346	0.226255104	0.322084484	0.134012873	0.702425208	0.360468242	0.597446869
TER beta-lactamase	0.489723619	0.063140282	0.169413498	0.143541819	0.263738775	0.422080448	0.072021144	0.053520027	0.102685189	0.037174721	0.398958919	0.13049731	0.047639191
THIN-B beta-lactamase	0.135751606	0.062609336	0.03723679	0.02947138	0.019450712	0.149477847	0.019768658	0.006961708	0.016286068	0.021383709	0.330238091	0.015195259	0.042981062
TLA beta-lactamase	0.854433293	0.555548882	0.21141204	0.820820042	1.212808893	0.590648942	0.408420185	0.254558329	0.892006159	1.005805799	0.354829834	0.714397353	0.441587347
TMB beta-lactamase	0.072071206	0.009021851	0.011670427	0.030575014	0.000482162	0.026106404	0.00212427	0	0.006214158	0.002053413	0.028654042	0.005524775	0.028235583
TRU beta-lactamase	0.199082177	0.106330558	0.134530062	0.147541695	0.080929852	0.151885289	0.151518854	0.147364309	0.120740707	0.139362838	0.155088317	0.154681889	0.209006498
TTU beta-lactamase	0.26712311	0.034651683	0.031340556	0.018564554	0.00212427	0.113639141	0.013316052	0.001232048	0.009768423	0.003157014	0.103735077	0.007207121	0.018043702
TUS beta-lactamase	0.112108385	0.059305975	0.011022704	0.054168879	0.073926538	0.098538785	0.078851074	0.085310896	0.071032817	0.089617285	0.067266459	0.042402699	0.081044633
VAM beta-lactamase	0.323530972	0.106746185	0.090281466	0.345194164	0.243239884	0.218893867	0.21555654	0.100235198	0.227726115	0.178376236	0.125102999	0.177001478	0.259547897
VCC beta-lactamase	0.174622835	0.070100903	0.10569662	0.43321556	0.19630632	0.285237959	0.152720557	0.139336464	0.341137043	0.102548372	0.192562048	0.236446776	0.19672226
VEB beta-lactamase	0.210302708	0.215059019	0.203291728	0.13347187	0.315845685	0.251377247	0.200104349	0.126725205	0.159085305	0.382530667	0.305070696	0.156220618	0.102105046
VHH beta-lactamase	0.094088321	0.028407578	0.007802971	0.005861054	0.001578507	0.052174447	0.006606527	0.000902185	0.003241785	0.005435558	0.022661633	0.00261064	0.014869888
VHW beta-lactamase	0.098538785	0.017248672	0.022141759	0.025256113	0.020869779	0.059458745	0.012029135	0.025285925	0.033972238	0.029894069	0.046991527	0.032572137	0.075148464
VIM beta-lactamase	0.84805973	0.352314465	0.177187416	0.351103336	0.498492511	0.427034277	0.24054047	0.116864498	0.234330927	0.119509316	0.520446097	0.247440065	0.375512668
VMB beta-lactamase	0.035817552	0.014995817	0.007979621	0.027627296	0.005713839	0.051220208	0.007473892	0.00192865	0.009862419	0.004956629	0.040323566	0.012428315	0.024640961
YEM beta-lactamase	0.014995817	0.011048706	0.015014835	0.007818937	0.021395783	0.025818901	0.01012541	0.005221281	0.011683484	0.007331557	0.071018944	0.006981606	0.021490531
YRC Beta-lactamase	1.290857195	0.754945887	0.442672152	1.956741617	2.53908506	0.896822068	0.736780732	0.620640821	1.323957086	1.85803313	0.811508971	1.370835396	0.813325756
ZOG beta-lactamase	0.235432607	0.036989589	0.075857776	0.144721733	0.059305975	0.070777362	0.067976633	0.041545492	0.146476573	0.054620796	0.268306025	0.044198197	0.116625234
amp acetyltransferase	0.060145673	0.061593921	0.107352272	0.089682207	0.059174516	0.055939104	0.0977541	0.075457628	0.050513969	0.083357212	0.275844107	0.100052174	0.089488415
ampC-type beta-lactamase	0.789050546	0.290802356	0.098843292	0.120089458	0.053814834	0.517485765	0.126946363	0.030801201	0.078147386	0.040646556	0.284811098	0.07627536	0.094729435
blaF family beta-lactamase	0.139286175	0.008678923	0.013923415	0.017348203	0.000610963	0.082559523	0.006570923	0	0.008681789	0.004296719	0.106305029	0.003308012	0.023989211
class A Bacillus anthracis Bla beta-lactamase	0.488255242	0.051746017	0.037771237	0.036700289	0.007365804	0.23062786	0.004811654	0.001945071	0.026498346	0.009643248	0.090792271	0.012745619	0.035435861
class A Bacillus cereus Bc beta-lactamase	0.904733939	1.009403735	0.476314502	1.567074855	1.103290051	0.58281157	1.534661169	0.831640383	1.222281689	0.548814624	0.571782616	1.06063198	1.443460043
class A LRA beta-lactamase	0.644715934	0.152720557	0.113556149	0.126725205	0.030373565	0.451904873	0.090366153	0.044841103	0.036548965	0.036820676	0.450890784	0.100314259	0.082547218
class A Mycobacterium abscessus beta-lactamase	0.024466859	0.015345426	0.033032636	0.023456812	0.06613242	0.061829473	0.031340556	0.01247306	0.024783147	0.032992009	0.192638886	0.021766182	0.061215452
class A Mycobacterium tuberculosis bla beta-lactamase	0.181689838	0.058257558	0.016840788	0.050571851	0.015627229	0.091128694	0.005801423	0.009205169	0.032381045	0.015979262	0.084600632	0.022141759	0.033148648
class C LRA beta-lactamase	0.631824242	0.08450467	0.097253559	0.179373416	0.055448676	0.169981697	0.019118428	0.025660451	0.090549154	0.026694374	0.328219021	0.042225064	0.079182396
class C LRA beta-lactamase; class D LRA beta-lactamase	0.245995802	0.21201276	0.149477847	0.118611951	0.067586579	0.158966189	0.120359735	0.099426522	0.086654045	0.156946	0.400546163	0.114169966	0.126725205
subclass B1 Bacillus anthracis Bla beta-lactamase	0.123414551	0.054151945	0.003696144	0.027351585	0.010654923	0.081023847	0.014414241	0.003308012	0.005186857	0.014947785	0.030858394	0.003770925	0.015223933
subclass B1 Bacillus cereus Bc beta-lactamase	0.569927028	0.172076042	0.203183204	0.187842339	0.361538225	0.318314495	0.157581663	0.170517908	0.396116294	0.263742834	0.182454756	0.207116304	0.307925414
subclass B1 Bacteroides xylanisolvens crx beta-lactamase	0.152363273	0.056656855	0.017758204	0.036829021	0.003002967	0.055634747	0.009725356	0.004076669	0.016393522	0.004641138	0.055231014	0.012830226	0.045274577
subclass B1 PEDO beta-lactamase	0.147177577	0.020915218	0.018414511	0.033032636	0.006014567	0.084934775	0.006794448	0.008196761	0.006961708	0.007434944	0.031770082	0.020417946	0.009856384
subclass B3 LRA beta-lactamase	0.853972313	0.651259859	0.523717433	0.398465082	1.217614565	1.29094504	0.484573214	0.201309381	0.580279696	0.51076517	2.059549385	0.422592475	0.666857694
subclass B3 PEDO beta-lactamase	0.721235	0.413808843	0.626417182	0.294354107	6.837252597	0.418516965	0.737070803	0.090989556	2.428578411	3.144363759	1.263259917	0.217510224	0.486969424