""	"AMR.Gene.Family"	"AMR1A"	"AMR1H"	"AMR2A"	"AMR3A"	"AMR3H"	"AMR4A"	"AMR5A"	"AMR5H"	"AMR6A"	"AMR7A"	"AMR7H"	"AMR9H"	"AMR10A"
"1"	"AAC(2')"	0.811665854700084	0.732643481418087	0.902982083041738	0.691420884382278	1.10401081385264	0.845105328376704	0.676336176348396	0.645384656357083	0.800831221739898	0.552241527520904	0.730454136477719	0.712027744529356	0.565158376475958
"2"	"AAC(3)"	4.99494281490703	1.91807255111123	0.725172252518093	0.813649588243996	0.582758010267304	3.00899337715975	1.14961916091117	0.471463714132002	2.19008049180755	0.595886410632823	2.80821287174293	1.56995111169836	0.614087319487799
"3"	"AAC(3); AAC(6')"	0.220140101509047	0.0414659665668591	0.00551135193462956	0.0159320233669676	0.00244385248906376	0.115405784493014	0.00492819213378399	0	0.00355164085807643	0.00613817021145996	0.130328764819642	0.00300728364097845	0.0233408542752665
"4"	"AAC(6')"	3.86260300194311	0.696750912998959	0.648964418481147	1.76629438647083	1.68669992720558	2.23904195944919	1.0921097189299	0.380814825338195	1.20737808059417	0.834824806909226	1.53401538526311	0.962810238854742	1.39829731143709
"5"	"AAC(6')-Ib-cr"	0.228866140864354	0.0545229244114002	0.0543757178816687	0.120732205315768	0.0156059417569826	0.313240772096173	0.0138119366702972	0.00920725531718995	0.0396391634935316	0.0204495287586535	0.263881324723152	0.0353311274026865	0.0414659665668591
"6"	"AAC(6'); ANT(3'')"	0.00212426978226235	0.0030548156113297	0.000887736803792412	0.00492819213378399	0	0.00473552114410191	0.00122763404229199	0	0.00180437018458707	0	0.00203833427323192	0.00289297441164133	0
"7"	"AAK beta-lactamase"	0.272489552530609	0.165119045505389	0.0361400756477493	0.0683789627236969	0.000394626762008492	0.179848387195777	0.027627295768219	0	0.0136154983272388	0.023101121763295	0.0911286939667019	0.00667163655244631	0.016286068330678
"8"	"ACC beta-lactamase"	2.35339026685368	0.970032484999815	0.599781187319284	0.58641536834462	1.55050179541479	1.32731138364704	0.384631577681144	0.554345289037579	2.50035670849782	0.577148395122445	1.71432052282425	0.822092405735528	0.762481976587893
"9"	"ACI beta-lactamase"	0.0792617568183592	0.136106697230978	0.0603778945872993	0.144860816990455	0.210207685192971	0.0938272495985276	0.179594906506911	0.0917250422954362	0.121504925288936	0.0728078597680011	0.0577093290847938	0.113028177619199	0.321360722972853
"10"	"ACT beta-lactamase"	3.37336216103571	0.694543101134947	0.99806647638339	1.04563308548846	0.512441132422728	2.14476516507171	0.7664136867352	0.299905014006818	0.37680242963599	0.447158789166224	2.0467264595909	1.21886263160698	0.681322562495636
"11"	"ADC beta-lactamase with carbapenemase activity"	0.00473552114410191	0.00920725531718995	0.00480474709012504	0.0111269494716203	0.00842864182162401	0.0108711161239035	0.0115718976465653	0.00522128078017538	0.00778898920162861	0.0109973362007869	0.00621415762654688	0.00985638426756798	0.00455859751491313
"12"	"ADC beta-lactamase without carbapenemase activity"	1.5707577571126	0.721312656905022	0.441469238495636	0.995876449078036	2.47249947343031	1.05111403622968	0.370130793083543	0.328553726323243	1.00686722549427	0.972071800152691	0.669412764838992	0.742400166714423	0.526826727281337
"13"	"ADC beta-lactamases pending classification for carbapenemase activity"	3.81496918955928	0.940076866169863	2.18366658886382	3.33403542624967	4.20879560653619	1.68560347853328	1.23455478845813	1.84083188738728	4.89231752569998	1.34786054858992	3.05165542212613	1.41513156856245	2.32882177822791
"14"	"AER beta-lactamase"	0.223441174524699	0.121242770818745	0.0509583568307979	0.0549665138211853	0.00377092500790444	0.0941759603469641	0.00794252058945722	0.00976510484171653	0.0119097976566446	0.0156294771939879	0.122728922984641	0.0128901574440659	0.032432042858344
"15"	"AFM beta-lactamase"	0.342980886433777	0.156272294281113	0.0646097618599897	0.08034970978381	0.047087980173482	0.163127153645006	0.205067201676047	0.0476391906265786	0.146526348693636	0.079319979163707	0.160206242519105	0.140538852386158	0.0580405742708841
"16"	"AIM beta-lactamase"	0.464740214296877	0.0940216683783432	0.0391596058513153	0.0938219153832537	0.0488770497812752	0.418124034586226	0.0562635268607005	0.0859621245669332	0.0698489368755031	0.0705889574317896	0.15675487381533	0.030975021502078	0.121891127881947
"17"	"ALG11 beta-lactamase"	0.93587722216597	0.440908154770365	0.284298105859444	1.39055206627728	1.56241677467464	0.672698226261515	1.12662481439996	0.56550014995817	1.46825031458122	1.17896481723943	0.46191876725429	1.46593531989937	1.1326344111592
"18"	"ALG6 beta-lactamases"	0.0179844115761596	0.0166401132943884	0.0122192624453188	0.0310707881327344	0.01848072050169	0.0397249212013858	0.0102602958122208	0.00920725531718995	0.0186183949742345	0.0060145672819569	0.0116704271376332	0.0271777903097589	0.0245902824989513
"19"	"ALI beta-lactamase"	0.332094175960347	0.156406559300081	0.0772331019299398	0.107598861587617	0.0612154523431191	0.22256949377279	0.0619955191357456	0.0294290759270159	0.0454099829787746	0.0726159910786068	0.18820619789508	0.045805428184321	0.0414801750869488
"20"	"ANA beta-lactamase"	0.138077665632102	0.0443868401896206	0.013552528367906	0.0273515850894788	0.00552477466811889	0.115397599975447	0.00960949418025009	0.00180437018458707	0.0149122124536425	0.0108711161239035	0.0212151456853697	0.00667163655244631	0.0237210125685962
"21"	"ANT(2'')"	0.0683557338920157	0.016016624434798	0.0227929875745656	0.0343325282947388	0.0178006936132339	0.0402397568797972	0.0120291345639138	0.0181539977696517	0.0339722378871986	0.0255546073028317	0.0319078269899606	0.0130996636572845	0.0262714142574354
"22"	"ANT(3'')"	2.13431787660628	1.73422074031624	1.68347776672823	3.07706472700488	6.48040263780615	1.91804550621606	2.84758422158251	2.14093043165125	3.11814425334741	1.08689661573984	1.7068507700478	2.51594613749114	3.80128899383911
"23"	"ANT(4')"	0.590012764073042	0.17284652175972	0.192124727618697	0.259456342866752	0.227049914893873	0.499883295728624	0.268380679308869	0.155256293424751	0.139524225292464	0.10833775889538	0.463110046677583	0.361308879143512	0.212322944430527
"24"	"ANT(6)"	0.998405707881486	0.68686124666237	0.827017092887773	0.593637790729146	0.789698902979849	1.30861060341489	0.602703002425277	0.499792599124565	0.749867233138609	0.765536792199223	1.26946362942315	0.585633498564664	1.56880877334653
"25"	"ANT(9)"	0.562256391369733	0.194592257150064	0.0778886463013418	0.31964003215851	0.221498991024535	0.315334210868905	0.0893419155718898	0.0892193308550186	0.202839756592292	0.24679083145429	0.192199493217576	0.267003568730626	0.152325930135278
"26"	"APH(2'')"	1.65523537254808	0.400269452614232	0.67429134572992	1.26444669416153	0.735779825360778	0.65527073791201	0.557266772880156	0.643344167746035	1.46654119986506	0.621773574212413	1.16309359451926	0.564316269672144	1.17300432741
"27"	"APH(2''); AAC(6')"	0.670022795209999	0.887600819523328	1.21960334015043	0.916590726088361	1.13359807160697	0.8415648787396	1.22437009702094	1.15317010812634	1.57209329067709	0.770402980020318	0.500386734226768	1.65485068900961	0.727919184153944
"28"	"APH(3'')"	0.867501750564071	0.209948430142887	0.120058438083115	0.0762887136214513	0.071517082669499	0.446614042376402	0.142925625410578	0.0381934890368259	0.142618979395139	0.0686650565894777	0.540772795629623	0.117716303708064	0.081497386670516
"29"	"APH(3')"	5.1114629125079	1.3881455551859	0.607989139735977	1.37723490883342	2.28683496664141	5.22433109031834	0.997958907091258	1.14941780197452	1.22728922984641	1.51183132308259	2.50747738765901	0.727461912752687	1.72981664462253
"30"	"APH(4)"	0.666348439481386	0.212332085060465	0.249247654452115	0.797917837679318	0.863767910090017	0.511710616557904	0.54442678892391	0.2276996416789	0.605223582849952	0.437832578587645	0.313358955389954	0.524520864130294	0.517057460643162
"31"	"APH(6)"	0.560707541559945	0.207470348734289	0.318311786700555	0.489142978889619	0.245177558655753	0.730026830602516	0.147590408991176	0.142405548905871	0.311707967471862	0.127508826377486	0.889545890712933	0.331569041779058	0.277243381115627
"32"	"APH(7'')"	0.364666312621703	0.380630025171681	0.5264279246489	0.511299933880089	0.936466175206439	0.35082319142555	0.773409446643955	0.47146580821852	0.303134191010628	0.634741564874608	0.604026389634391	0.50048457321395	0.286010158291829
"33"	"APH(9)"	0.739265377941787	0.556610975977842	0.45051889756342	0.735236656333846	0.882780066612997	0.95203019979744	0.430024864566191	0.202991645766045	1.25457091729557	0.341081268387474	0.568469471887521	0.224225002393087	0.260577093290848
"34"	"AQU beta-lactamase"	0.124283152530938	0.0258730087023659	0.0390736929849697	0.0394626762008492	0.0380566553110518	0.0960949418025009	0.017442245117675	0.0239892113384683	0.0407666854646383	0.0197686584795491	0.0519227366472996	0.0258452823508586	0.0751484640387106
"35"	"ARL Beta-lactamase"	0.190146079828499	0.183646357029357	0.075373711543622	0.228339931866311	0.229426673553471	0.142545244582379	0.310563033273685	0.165105076131785	0.188525499158627	0.100654690595603	0.147282704903523	0.216280945282143	0.260106883511177
"36"	"AST Beta-lactamase"	0.155643543723462	0.0666919227794352	0.0349875702053218	0.0606599320128287	0.0198480720304578	0.110869057807516	0.0312544588562227	0.0106075728426849	0.0266865462097853	0.0109753938750221	0.0690388328160512	0.0488255242085826	0.0213554992463973
"37"	"AXC beta-lactamase"	0.155088317469338	0.0662922382837676	0.0756747666694694	0.0390946873327198	0.0440882802977256	0.187526753137336	0.0318227185280546	0.0165340558038887	0.0223048327137546	0.0470441604144774	0.50068355733892	0.0279264220914426	0.0944280913803433
"38"	"BAT Beta-lactamase"	0.149771353159623	0.0618611187853599	0.0333808484148608	0.080396275837029	0.0774567023828128	0.0732886850949137	0.0272666885186936	0.0247831474597274	0.0592634228597962	0.0932123643982032	0.0759762953958365	0.0631691369923676	0.0414358100108917
"39"	"BCL Beta-lactamase"	0.203601157944049	0.0586420309990798	0.227573329183848	0.369617948212721	0.270975269890404	0.110227038692591	0.141617985484156	0.158239448666878	0.374624931200398	0.145792350624443	0.220766365365079	0.108522359552335	2.79716416536231
"40"	"BEL beta-lactamase"	0.091120694321647	0.0661324204465883	0.108711161239035	0.139827096562664	0.109936967538137	0.125685962117189	0.158850411789144	0.153578467056087	0.156059417569826	0.115918622522077	0.1022083313602	0.146702268053893	0.144743006090017
"41"	"BES Beta-lactamase"	1.30968126766773	0.929480428593753	0.685634935558995	0.647438816741747	0.937157018941405	1.14922163298223	1.68314897999041	0.577419845008357	1.57857719659277	0.657842812268157	0.840315501948869	1.05524257966871	0.512741860786826
"42"	"BIC Beta-lactamase"	0.0122300056393915	0.000964324803880443	0.00725177886135469	0.00849707912904939	0.051320902270339	0.0328462617403192	0.00903501891193731	0.00911719502982625	0.0122334296222633	0.0110487063806279	0.0306302626995472	0.00421019709736983	0.00713192769522031
"43"	"BIL Beta-lactamase"	0	0	0.00318640467339352	0	0	0.00903501891193731	0.000651228216416161	0	0	0	0.000902185092293535	0	0.00135888951548794
"44"	"BJP beta-lactamase"	0.116608604090583	0.0375287661533015	0.0262714142574354	0.0861104699678639	0.00492819213378399	0.225976191096408	0.0118388028602548	0.00368290212687598	0.0282278891544846	0.00751820910244612	0.112814128997121	0.0312544588562227	0.0332692057338753
"45"	"BKC Beta-lactamase"	0.136661355992211	0.0879786896062954	0.0568151554427143	0.0201234512129513	0.0293052697387272	0.0789253524016985	0.0227112297824019	0.00900890079398446	0.0123298629280116	0.0155605695168443	0.10259615841934	0.0202508208814893	0.027846830827602
"46"	"BPU Beta-lactamase"	0.144187296854762	0.143813362214371	0.0369614410033799	0.117872307171325	0.0501175987750785	0.0693613233894976	0.0840830740771883	0.0288699229533931	0.0966052024170751	0.0930839318109241	0.0949859931822236	0.0292971865998729	0.0453177553549301
"47"	"BRO Beta-lactamase"	0.205954938479839	0.0431216811706099	0.0722863320221939	0.0670865495414437	0.0497191787128257	0.111710369845407	0.027065552768806	0.0414948520449182	0.0631883624701894	0.0602703002425277	0.0725177886135469	0.0460258452823509	0.0604853491043281
"48"	"BSU beta-lactamase"	0.177414916816224	0.207741801036755	0.0903695284999447	0.390387625448854	0.299095506360284	0.104954199070148	0.280090251303198	0.170540634193737	0.214080106461458	0.124730596415301	0.1805629314923	0.283486888731396	0.269871988352893
"49"	"BUT beta-lactamase"	0.503399411289692	0.149958169563227	0.157137157413375	0.26666346350194	0.0881134106806686	0.326123602790529	0.248676781334294	0.0954681555841639	0.115738390627221	0.103735174367145	0.171680637356729	0.245903094650498	0.145792350624443
"50"	"Bah amidohydrolase"	0.92934602453	0.343737531841758	0.219216585986955	0.181038475186903	0.143286910967608	0.780002581890079	0.144648720582066	0.037129107770136	0.137723490883342	0.175346416090325	1.07860021660778	0.14168552384629	0.303472348849931
"51"	"BlaA beta-lactamase"	0.0951416382776294	0.0540534047639067	0.0378917738763285	0.0985502736066807	0.0788155918983007	0.10848654043655	0.0588844443542001	0.0378828111170119	0.113028177619199	0.119844468511976	0.132650504934352	0.0866133527833494	0.0643241622073843
"52"	"BlaB beta-lactamase"	0.55254591536438	0.123298629280116	0.151715552789232	0.370297392970465	0.188043336756686	0.214362583141645	0.0775358470525757	0.192453383513771	0.25034177866946	0.107188178909802	0.531402224595587	0.114441760982463	0.185986557407237
"53"	"BlaZ beta-lactamase"	0.602058184923886	0.495344796286211	0.275175126886309	0.389587220767699	0.183905111923955	0.424853956452469	0.284097851853662	0.22814835857465	0.229571616898771	0.259840058350048	0.531167621663431	0.254734063775588	0.274471177523393
"54"	"Bleomycin resistant protein"	0.150418838662828	0.0305750140984787	0.0110897352446251	0.0130532019504384	0.0177022481855196	0.0904225420953591	0.0239688937023951	0.00739228820067598	0.0299564979551434	0.0173635775283737	0.0484915446705337	0.0156154280429064	0.0180437018458707
"55"	"CAM beta-lactamase"	0.0849305947179965	0.0265189321067122	0.0104425615603508	0.0148698884758364	0.117915882597326	0.135823730980239	0.0143738937235366	0.0579593112610383	0.0153904437183312	0.0214835957401099	0.0582575584677662	0.0225546273073384	0.0401981379185145
"56"	"CAR beta-lactamase"	0.699135482813321	0.0968837655876987	0.0357585413347495	0.172902563601261	0.00177547360758482	0.362632804510939	0.0253979004402303	0.00315701409606794	0.0270079489304238	0.0444439105836567	0.103751285613757	0.0434399232345237	0.0733800338363489
"57"	"CARB beta-lactamase"	0.657301235993189	0.366082492476545	0.61401793787727	1.04042753404471	1.09323728834441	1.36757925447394	0.419488248015027	0.40634686799865	0.837827773840555	0.290503599718518	1.25197748904277	0.673329754924276	0.417070477678292
"58"	"CAU beta-lactamase"	0.0867410161090458	0.0317700823578289	0.0399481561706585	0.0188914031795053	0.00260491286566464	0.0623510283973418	0.00797962127489795	0.00180178015879689	0.00481165382556552	0.00648357063201847	0.141324509610746	0.0168756840679078	0.0194347673484306
"59"	"CBP beta-lactamase"	0.200395904103228	0.134935994176447	0.0661199111282685	0.139362838313058	0.0607725213493078	0.165116778688273	0.0966955351887665	0.0339823051430565	0.0991986306698825	0.112787829785499	0.194793610383849	0.0438007443225823	0.0718711276332094
"60"	"CDD beta-lactamase"	0.17310867673952	0.0492819213378399	0.0644715934251999	0.04972297201307	0.170027314857441	0.115914523549267	0.0396961440609155	0.0628906351305791	0.132491727760074	0.0568951634289461	0.0585943731997459	0.0520446096654275	0.0959212101957526
"61"	"CGA beta-lactamase"	0.234499809032555	0.217510224282998	0.0698489368755031	0.219746493570267	0.272068803978331	0.105254927434246	0.180243263570113	0.0991989346306199	0.19624009758967	0.0983341213599696	0.111524163568773	0.177179305457123	0.230811568986027
"62"	"CGB beta-lactamase"	0.0234442157909818	0.00434089438209342	0.0104348893594819	0.0156154280429064	0.0138335047485009	0.0363079955393034	0.0101916713661596	0.00385729921552177	0.00551135193462956	0.00743494423791822	0.0342139348468926	0.00532642082275447	0.0106777496231986
"63"	"CIA beta-lactamase"	0.07853072563969	0.0724304084952276	0.050449844446313	0.0544318339017099	0.0894732747218548	0.143362843883978	0.0708778730852126	0.0310376135265981	0.0467339352097716	0.0635401647156578	0.0932123643982032	0.0492819213378399	0.104847742843002
"64"	"CKO beta-lactamase"	0.0374428382899058	0.00720712063518757	0.00210509854868491	0.0188023548328536	0.0326133483717106	0.0207329832834295	0.00957234809698819	0.0042485395645247	0.0274933405019673	0.0159792624682634	0.0114991149788293	0.0143270207611555	0.0146011901943142
"65"	"CMA beta-lactamase"	0.242039134665049	0.021351713850947	0.0194507118960554	0.0577528044082376	0.00241081200970111	0.0794794963204474	0.00354044963710391	0.00183288936679782	0.030183051328942	0.00616024016722999	0.229232332178489	0.00868178876418683	0.0331461191418838
"66"	"CME beta-lactamase"	0.0393954156968177	0.0512202079929459	0.0597911386814695	0.0665384114677506	0.0394496770057695	0.0591255089396353	0.0904225420953591	0.120732205315768	0.0640664977391919	0.0696814191565292	0.0501175987750785	0.0761133106221036	0.124923424343251
"67"	"CMH beta-lactamase"	0.280090251303198	0.0869689289912284	0.0313405561261144	0.0382893923879528	0.0223048327137546	0.14296537061023	0.0497132610123751	0.0131418456900906	0.0436322904998828	0.0118388028602548	0.125218672313783	0.0246243288368908	0.0288699229533931
"68"	"CMY beta-lactamase"	2.73272681564625	0.866445836286578	0.33039104492332	0.702425208001416	1.32212419658349	2.60639525593452	0.50596105906849	0.599781187319284	0.678363403892598	0.702820489212166	1.84742525615308	0.342228878343348	1.00560180502606
"69"	"CPS beta-lactamase"	0.182257387933404	0.0481518116393951	0.0208886528589131	0.091644468339891	0.0514887346199599	0.121972755311154	0.0507958008804605	0.0142065634323057	0.0546297148819937	0.0108106809527813	0.0890155957729621	0.0479784226769366	0.0332927931294546
"70"	"CRD3 beta-lactamase"	0.145905790690456	0.0233669676048858	0.0274933405019673	0.101201995632335	0.00164273071126133	0.161504597671208	0.00907641552619532	0.00306908510572998	0.027627295768219	0.00962330765113104	0.0609455639409736	0.0163066741858553	0.0356800177435764
"71"	"CRH beta-lactamase"	0.127810231899451	0.0641511278379237	0.0816717859489019	0.0386041717146412	0.052749485529709	0.0899749017379363	0.0509468127551177	0.0192189883605002	0.0249604542201211	0.0265826395912757	0.133171172517818	0.034715692939696	0.0353886808434109
"72"	"CRP beta-lactamase"	0.24682910139544	0.0630293130692612	0.01848072050169	0.0345150954700565	0.000394626762008492	0.108031795721695	0.00360356031759378	0	0.00778028475842216	0.00679444757743972	0.0462875905862613	0.004641138471267	0.00885112409275978
"73"	"CSA beta-lactamase"	0.830033911545905	0.0669412764838992	0.0664252780744484	0.0864232608798598	0.00859343829604395	0.289486012180034	0.00721748073834828	0.00778028475842216	0.0319339036139667	0.0231437952931306	0.132852588740018	0.0127456186935741	0.0867567633617635
"74"	"CSP beta-lactamase"	0.617256064756445	0.799057021542629	0.707171157519218	1.1343338550778	3.26062149403611	0.656189290461498	1.30838455354133	0.875804292731979	2.03713614819744	0.520097579936358	0.531067445565587	1.30685011852685	0.823819753919358
"75"	"CTX-M beta-lactamase"	2.86670660866394	0.650344903789995	0.664150016879968	1.00959748231252	0.488984320023096	1.80178427863793	0.781361471405567	0.292672577977714	0.438877656689186	0.422375641706497	1.62210708961607	1.11588516236706	0.506371741746305
"76"	"CVI beta-lactamase"	0.107733106028318	0.0540158978608477	0.0426421304248598	0.0288699229533931	0.00778028475842216	0.182091195075384	0.00819676083298377	0.0023205692356335	0.00991325898389095	0.0109973362007869	0.24679083145429	0.0114991149788293	0.0332126390372242
"77"	"CblA beta-lactamase"	0.200718165914741	0.0564557783089693	0.0330801200507629	0.0797479187738271	0.048920022557566	0.084860582741479	0.0304574712176897	0.0240750575323066	0.0702607590605831	0.127834099746107	0.18562857037253	0.0573080830446222	0.0623510283973418
"78"	"CepA beta-lactamase"	0.242639728051315	0.0312757498661759	0.0966052024170751	0.111428940270011	0.0617167874483484	0.100654690595603	0.0329261816250664	0.0433783816808817	0.181098307973652	0.0427109984927946	0.200578290656178	0.0315701409606794	0.0933001872141914
"79"	"CepS beta-lactamase"	0.00270655527688061	0	0	0.000482162401940222	0	0.00354044963710391	0	0.000887736803792412	0.00451750945596866	0	0	0.000613817021145996	0.00300296693132815
"80"	"CfiA beta-lactamase"	2.02806089369538	1.76247970158786	1.98940207040535	1.57363601291397	3.46822446450699	2.86908282216085	3.90337872627523	1.4624410157004	4.63544244445023	1.48537513219997	2.18703004634318	2.62939784507093	1.26726932630832
"81"	"CfxA beta-lactamase"	0.447754095353277	0.0901643691628214	0.0498922385661203	0.100194724730041	0.122803587575454	0.420787244997603	0.0628344497057459	0.0644715934251999	0.0726113242095626	0.0767271276432496	0.164562587836783	0.0378917738763285	0.127726341450764
"82"	"CphA beta-lactamase"	0.381872622336655	0.104135544449053	0.0747034873428925	0.202228793470026	0.1988530440495	0.289120605181994	0.106150199275834	0.0398573029628577	0.133198293588681	0.10450324921022	0.144048886402868	0.115407557249929	0.146760067672698
"83"	"DES beta-lactamase"	0.209721444670378	0.155071694105151	0.169236784867665	0.585906290502992	0.162630340414872	0.450649925759983	0.268346198165775	0.151612804223061	0.395190448162785	0.224042631252895	0.560180502606395	0.413102412708335	0.274350406703986
"84"	"DHA beta-lactamase"	0.664542396884404	0.648231872724162	0.560161923193012	0.51294266459135	0.755424731042747	0.521301952613218	0.632845348801522	0.393989261390254	0.348544173989402	0.709950984206022	1.0198465813737	0.501931060419771	0.24801083705833
"85"	"DHT2 beta-lactamase"	0.301204819277108	0.0843349963602791	0.0439430465262406	0.125687045768319	0.0307808874366624	0.243071540373815	0.0738729865106725	0.0243589974919254	0.106330558365103	0.0862894842334844	0.206847670432355	0.0333581827622316	0.0584174190122145
"86"	"DIM beta-lactamase"	0.27253519876427	0.0554421615050699	0.0169319336268202	0.0690596833514862	0.00491053616916797	0.130328764819642	0.00360874036917414	0.00324178531600923	0.0190244532168312	0.00530378642134244	0.041770246241403	0.0106213489113117	0.0299371929910311
"87"	"EAM beta-lactamase"	0.329367507607897	0.134804240798145	0.0157850704803397	0.107417978700549	0.00300296693132815	0.117885518726355	0.0116704271376332	0.00339722378871986	0.017357846469848	0.00812199232471725	0.101964949548593	0.0219946724015738	0.0550396818351295
"88"	"EBR beta-lactamase"	0.123733361119071	0.0445928241069596	0.0448086425436577	0.0582575584677662	0.0195473436663599	0.10892398661791	0.0380489064336624	0.0149470344601469	0.0174042692672513	0.00920516905647017	0.122192624453188	0.0284075777213572	0.0201234512129513
"89"	"EC beta-lactamase"	0.322804691322947	0.112328514869717	0.0498492510600473	0.0399968724250134	0.0414948520449182	0.307788475258019	0.0385729921552177	0.0130532019504384	0.0290316870242521	0.0439893448031477	0.328462617403192	0.0439430465262406	0.0866133527833494
"90"	"ECM beta-lactamase"	0.115397599975447	0.0462456907424535	0.0153371465689901	0.0376047096657071	0.0523172463462858	0.0453232657823808	0.0130532019504384	0.0138077535847053	0.0281043036242332	0.0399481561706585	0.0960997466087878	0.0293052697387272	0.0149958169563227
"91"	"ECV beta-lactamase"	0.430625457952457	0.0787908313936354	0.080396275837029	0.0978400451151319	0.0954681555841639	0.107036255993595	0.0495662949194548	0.0384906767027542	0.138486941391616	0.0443537292040559	0.235093386126234	0.0469605846790106	0.0988245404045054
"92"	"EFM beta-lactamase"	0.46462532253117	0.598433569335304	0.245279557545574	0.4363569737559	0.210301586979286	0.58806868472296	0.241941396417312	0.532642082275447	1.38523267227112	0.498189585558363	0.502359868036811	1.23193076144001	0.342938823557675
"93"	"ELM beta-lactamase"	0.269716538291968	0.115505608816475	0.0289297441164133	0.0501823097205745	0.024429102496017	0.121581661330922	0.144701099018163	0.0213554992463973	0.0827059834848524	0.0315701409606794	0.127673940398367	0.0696688328068131	0.027065552768806
"94"	"ERP beta-lactamase"	0.072700589078605	0.017357846469848	0.0124730596415301	0.0382368560807222	0.0195508199125101	0.104752942847505	0.0205341338907666	0.0247466722238141	0.0307808874366624	0.0294632170150078	0.0510504378325786	0.0168407883894793	0.0486267797401385
"95"	"ESP beta-lactamase"	0.0800389587220768	0.0458312424037616	0.0396530359355638	0.0995869889293482	0.189975676011576	0.123615486022415	0.121779676469822	0.0394626762008492	0.118466685081177	0.0648640857166881	0.0592434877272755	0.101143701859488	0.106672826965804
"96"	"EVM beta-lactamase"	0.0670064366789173	0.0269074172419897	0.0329920086023608	0.0585906290502992	0.00739228820067598	0.140014066529475	0.00710328171615286	0.00491053616916797	0.011411274339047	0.00300728364097845	0.17894654944371	0.0251394560365269	0.0274832569105926
"97"	"EXO beta-lactamase"	0.245353159851301	0.10386373078521	0.0514887346199599	0.0476391906265786	0.0156294771939879	0.162980852709507	0.0214835957401099	0.00960949418025009	0.0177429734817729	0.0291760678440831	0.108031716481291	0.017357846469848	0.0145035577227094
"98"	"Edeine acetyltransferase"	0.173513526723527	0.0541519450313371	0.0451750945596866	0.0748912448878585	0.0260453662925605	0.163275327624835	0.0468462841287192	0.0156378749330879	0.0363079955393034	0.0373694616759184	0.213115781657578	0.0174042692672513	0.0276155071694105
"99"	"FAR beta-lactamase"	0.437654244269659	0.143738937235366	0.0742400166714424	0.131805338510836	0.168799680815149	0.240237354506252	0.10465347070605	0.0979019165434788	0.214025098689351	0.0973968051919247	0.0725177886135469	0.0867410161090458	0.215059019037611
"100"	"FEZ beta-lactamase"	0.0344973449364879	0.0227929875745656	0.00828716200217834	0.00675198723260596	0.0060059338626563	0.0288699229533931	0.00778028475842216	0.00611500281969574	0.0110897352446251	0.0023205692356335	0.125331917153478	0.0140521518121166	0.0594783658540916
"101"	"FIA beta-lactamase"	0.263096199432129	0.0288077536266199	0.0552435319031397	0.0978967219612978	0.0375910455122306	0.169221193495682	0.0958017108419	0.045805428184321	0.0258163327464227	0.0371747211895911	0.0885896527285613	0.123395415727145	0.0439430465262406
"102"	"FIM beta-lactamase"	0.0974728102160976	0.0626093361568916	0.060059338626563	0.0445077978864811	0.0778028475842216	0.109390605996779	0.0814854459278974	0.0269766173642394	0.0534607895202691	0.0775923165277744	0.0932123643982032	0.0620130843501152	0.122430904686238
"103"	"FONA beta-lactamase"	0.210539238253077	0.0816807005321257	0.0381925022404263	0.145231982157214	0.110070050754523	0.105593566024909	0.0446709577859449	0.0424853956452469	0.0788142427723063	0.0941001012019956	0.0496926040156552	0.0853108963505171	0.0477498382030276
"104"	"FOX beta-lactamase"	0.627019495261318	0.0766857328449505	0.167276122306076	0.247317891818806	0.105593566024909	0.186805823468497	0.0807222517259692	0.0739265377941788	0.209505885695009	0.0796724394961745	0.261142514782881	0.0643241622073843	0.111100880827425
"105"	"FPH beta-lactamase"	0.277271551698213	0.201639046655774	0.0815333709292766	0.120540600485055	0.0127631307959843	0.180208886528589	0.051320902270339	0.0292953145251496	0.0357293929699339	0.0560056266117898	0.191788606336127	0.0595402510511616	0.0732723931244069
"106"	"FRI beta-lactamase"	0.293057392567235	0.188885642652824	0.135487634945202	0.113997963700496	0.147282704903523	0.265768958185684	0.297391829270458	0.0903501891193731	0.281330589491782	0.140881754037032	0.431513365865635	0.209607091806705	0.116682605269964
"107"	"FTU beta-lactamase"	0.483764667513708	0.460465093852912	0.552875620389682	0.357231368383785	5.22190180600699	0.971184063348898	0.487891021244615	0.765844382505405	1.23833877918265	0.663536199858822	0.617410001081068	0.407787661716678	0.501180009855027
"108"	"Fom phosphotransferase family"	0.356800177435764	0.0643957962888296	0.0562931492299522	0.10386373078521	0.0363972089554889	0.202055877485144	0.0332126390372242	0.0126280563842718	0.0497191787128257	0.039038570107266	0.216524422150448	0.0486267797401385	0.119582277362939
"109"	"GES beta-lactamase"	0.49109046449094	0.137723490883342	0.128913218798113	0.458959927560677	0.0488712386600246	0.618666805595353	0.0599832678252908	0.0534020808397017	0.127325797888314	0.0511238218966336	0.405871521564356	0.14879840194593	0.13018384852386
"110"	"GIL beta-lactamase"	0.112940343423615	0.0213837092793079	0.0221934200948103	0.0303905181583346	0.00260491286566464	0.0864232608798598	0.00429671914802197	0.00060059338626563	0.00390946873327198	0.00907699888482585	0.14200395436849	0.00433946161746199	0.0101524904058966
"111"	"GIM beta-lactamase"	0.205283609081356	0.0443868401896206	0.0316225661917806	0.0853108963505171	0.0268346198165775	0.140564097842433	0.0294290759270159	0.00421019709736983	0.0272309966544776	0.0366900169181745	0.178400088717882	0.0133432731048926	0.0523986546291379
"112"	"GMB beta-lactamase"	0.0523764714237523	0.01232048033446	0.0221417593581495	0.00907641552619532	0.0147316085075039	0.0414409436523285	0.00781893746654397	0.0123187842008351	0.0135888951548794	0.00771459843104354	0.038579463542407	0.0116834838024429	0.020772746157042
"113"	"GOB beta-lactamase"	1.03492034809464	1.11750761937013	0.486180170794463	1.72359819537796	1.48286507068984	0.674232992307368	1.7907622085635	1.23998668288275	1.32932174214919	0.648599101359564	0.908833421844574	1.41743444365698	2.13411927631696
"114"	"GPC beta-lactamase"	0.0410273776342181	0.00710328171615286	0.00552435319031397	0.00180178015879689	0.00060145672819569	0.0570554215617625	0.00135888951548794	0.000964324803880443	0.00174042692672513	0.00212426978226235	0.0226056355238398	0.00887736803792412	0.0168379897904286
"115"	"GRD23 beta-lactamase"	0.0161796972423482	0.0202559616978179	0.00540534047639067	0.00541311055376121	0.0097253559480277	0.0495994673153099	0.00144648720582066	0.00319078269899606	0.00743494423791822	0.00855348371172316	0.104752942847505	0.00739228820067598	0.0136757925447394
"116"	"GRD33 beta-lactamase"	0.0773409446643955	0.0282278891544846	0.00631529564605474	0.0213957830856609	0.00611500281969574	0.0361621801455166	0.00203049808117931	0.00177022481855196	0.00549866810039346	0.00443868401896206	0.0447644118818712	0.0032561410820808	0.0110495493362378
"117"	"HERA beta-lactamase"	0.335731702922487	0.0478158098915573	0.080396275837029	0.132491727760074	0.124880062102517	0.118349031017309	0.0538148344839795	0.0604853491043281	0.239688937023951	0.0624237670279305	0.237047070775483	0.052090732585121	0.141177914863579
"118"	"HMB beta-lactamase"	0.10886366780342	0.215254544983013	0.072021144320861	0.0728065226929735	0.0719376463046385	0.148698884758364	0.0806471321391041	0.139374678195409	0.235731857066001	0.101591601760921	0.249404113589367	0.41862320842157	0.0936925682574384
"119"	"IDC beta-lactamase"	0.393552737363521	0.153554515250138	0.0612346250464081	0.047861740484941	0.0382368560807222	0.20772746157042	0.0665802602844309	0.0213554992463973	0.0384224647685535	0.0260453662925605	0.497805604149403	0.0618611187853599	0.0592434877272755
"120"	"IMI beta-lactamase"	1.24881946473342	0.43539264895202	0.210011515824832	0.665958576739246	1.13700237053691	1.18779184347425	0.719105368854647	0.649274531766912	0.651528784076021	0.741490961544364	0.775366061668929	0.394555613696373	0.816929899634327
"121"	"IMP beta-lactamase"	1.12392055892266	0.268315817870124	0.288900690387679	0.653730540824556	1.77724908119241	0.719105368854647	0.722863320221939	0.261242916449622	0.791823957278335	0.503297257690598	0.485375579653922	0.549806789595166	0.735838672636721
"122"	"IND beta-lactamase"	0.36781022384791	0.15365551425031	0.108140472641071	0.303605986897005	0.0402469024259026	0.563312407199979	0.0540638663951635	0.0245526808458399	0.11411274339047	0.03488449023535	0.508960294613449	0.0917250422954362	0.111861677250131
"123"	"JOHN beta-lactamase"	0.0683306779961055	0.138077665632102	0.113630310885429	0.12402616870023	0.14587512047722	0.0801092326877239	0.170641131878587	0.0786777336007976	0.08931632413706	0.156254052231645	0.110749495512267	0.0973968051919247	0.069617077069005
"124"	"KBL beta-lactamase"	0.091644468339891	0.0612538394616764	0.0164273071126133	0.0390736929849697	0.0193367113384161	0.0681336893472056	0.0300296693132815	0.00872112255883751	0.0304727819704868	0.0326133483717106	0.02169730808731	0.00986241925144238	0.00955921402018056
"125"	"KHM beta-lactamase"	0.216607780125348	0.0213554992463973	0.016280705410404	0.0386734226768322	0.00491053616916797	0.094293161643704	0.00300728364097845	0.00389014237921108	0.00747389233518369	0.00144648720582066	0.0203049808117931	0.00531067445565587	0.0238275617683717
"126"	"KLUC beta-lactamase"	0.014784576401352	0.00976842324624241	0.0051301479061104	0.00245526808458399	0.00120118677253126	0.00691675237425043	0.00583521356881662	0.000679444757743972	0.00192864960776089	0.000870213463362563	0.0548769693751106	0.00488770497812752	0.0292953145251496
"127"	"KPC beta-lactamase"	0.324962879991664	0.0564316269672144	0.0503329957339717	0.0750741732832038	0.0114276778357181	0.309914676210483	0.0441639092533582	0.0183221712737284	0.0171141981127971	0.0215967427863339	0.144187296854762	0.0399481561706585	0.0948676985753418
"128"	"L1 family beta-lactamase"	0.106943852504301	0.0251664978669859	0.0198195817467658	0.0111269494716203	0.0097253559480277	0.047561133042078	0.00964324803880443	0.00435106731681281	0.00672685431049743	0.0164960043011804	0.0594783658540916	0.01232048033446	0.040376149417802
"129"	"LAP beta-lactamase"	0.208083970168493	0.0540534047639067	0.0111269494716203	0.0414948520449182	0.0115505608816475	0.0506270522037233	0.0069617077069005	0.00283235970968313	0.0195508199125101	0.0230811568986027	0.147024398657889	0.0208393029253171	0.0185474578143991
"130"	"LCR beta-lactamase"	0.138136478841095	0.0264640960406104	0.00907699888482585	0.0251394560365269	0.000964324803880443	0.0319078269899606	0.00177022481855196	0.00183288936679782	0.00621415762654688	0.00287477874470733	0.0416786058506343	0.00236776057205095	0.00797962127489795
"131"	"LEN beta-lactamase"	0.0980374466958975	0.10892398661791	0.0760978128673248	0.104629241221028	0.0748383578491804	0.0980704549477784	0.132578997531709	0.151802993448502	0.0928142851862651	0.130896871499648	0.132594592034853	0.108031795721695	0.159757840746658
"132"	"LHK beta-lactamase"	0.623719494800176	0.249356226092038	0.093539505976403	0.0791894251659932	0.0477960701009028	0.323810454800948	0.175771887150898	0.0373721236811953	0.0944280913803433	0.0595886410632823	0.364607310560722	0.128526984660845	0.0721748073834828
"133"	"LMB beta-lactamase"	0.23440844142167	0.0650919242619299	0.0391596058513153	0.0513365197380067	0.0849238739949657	0.265433304333931	0.0542101134716239	0.0488421162312121	0.0773468453536645	0.0656784212626216	0.270867617205799	0.0282684662251974	0.105033844238699
"134"	"LRG beta-lactamase"	0.219866055284741	0.0574340885819292	0.0410692157904054	0.161294264278208	0.156241677467464	0.107598861587617	0.130245643283232	0.0363056621047813	0.0933001872141914	0.111109776459142	0.0968345332395061	0.107627272491507	0.118223387847451
"135"	"LUS beta-lactamase"	0.00580142308908375	0.00460258452823509	0.00366577873359564	0.0328462617403192	0.00205341338907666	0.0299564979551434	0.00157850704803397	0	0.00720712063518757	0.00180437018458707	0.0259342825280739	0.00679444757743972	0.0106075728426849
"136"	"LUT beta-lactamase"	0.118605062842981	0.0219946724015738	0.0319585249365268	0.0324439315474113	0.00195368464924848	0.0773468453536645	0.0122763404229199	0.00180178015879689	0.00571383891785905	0.0123187842008351	0.147439512430442	0.00385729921552177	0.0124730596415301
"137"	"MAL beta-lactamase"	0.237664654561451	0.114518047689221	0.0275157394136273	0.0827059834848524	0.0201259648624331	0.161433876561397	0.0414409436523285	0.00811966583064181	0.0609455639409736	0.0462022435265901	0.107040053230729	0.0205950519662473	0.032572136661356
"138"	"MBL beta-lactamase"	0.233474779397404	0.0533887481159932	0.0234442157909818	0.0138119366702972	0.00491053616916797	0.103302062437688	0.00240582691278276	0.00842864182162401	0.023780566521039	0.0168756840679078	0.0446709577859449	0.0155779784032572	0.0415454923140839
"139"	"MIR beta-lactamase"	0.126079582089307	0.0481908880147959	0.0394626762008492	0.0982107233833594	0.0288284825407503	0.0625514997323518	0.0304727819704868	0.0543555806195177	0.0371265049493971	0.0310376135265981	0.0541688794476899	0.0287152667464992	0.108303890062674
"140"	"MOC beta-lactamase"	0.168668108051786	0.0430143170589257	0.0491053616916797	0.0696688328068131	0.0147356898407944	0.150418838662828	0.0638678072279333	0.026036769704772	0.03393832507114	0.0293857319879625	0.200395904103228	0.116293521296806	0.0673519591617145
"141"	"MOX beta-lactamase"	1.5149721393506	1.55909523371083	2.06844362229883	1.18065955744814	5.92274177234887	3.25657872386686	1.68419326997719	0.610019637817157	2.25632855372632	1.75835186588138	2.91000124283153	1.59468083795694	1.23407747010862
"142"	"MSI beta-lactamase"	0.34496516588405	0.133932325137236	0.0372903171481328	0.110869057807516	0.0781361471405567	0.19624009758967	0.0394496770057695	0.0219507877500443	0.0910335052176251	0.111854837277844	0.131829139578722	0.126989502201151	0.04972297201307
"143"	"MSI-OXA family beta-lactamase"	0.218615992600689	0.112773136536692	0.293057392567235	0.317980146624179	0.76181659506555	0.109646896383683	0.164984953089042	0.228500207727462	0.809615965058679	0.196717002673544	0.351663236864727	0.222964120534798	0.214835957401099
"144"	"MUS beta-lactamase"	0.0381925022404263	0.0129671412640369	0.0312544588562227	0.0202508208814893	0.00203049808117931	0.026199327314569	0.00855348371172316	0.00443868401896206	0.00821365355630665	0.00586105394774545	0.121150415936607	0.0141177914863579	0.0336332296308753
"145"	"MYO beta-lactamase"	0.0991986306698825	0.0577528044082376	0.0159113592640273	0.0304574712176897	0.0276155071694105	0.0470441604144774	0.0417236297782433	0.0217661819242126	0.0371200083357212	0.0201259648624331	0.0632231531780376	0.0330326362446097	0.0150364182048922
"146"	"MYX beta-lactamase"	0.754863125853552	0.363068288660987	0.329810902614411	0.414586652504868	1.12722696058066	1.42304209647924	0.429163398317022	0.364036572976634	0.896986630045303	0.514378663720345	0.554948288909443	0.319072794307813	0.389014237921108
"147"	"NDM beta-lactamase"	0.376086673513373	0.100364619441149	0.146574614976102	0.282264962486864	0.796299913001793	0.275978759491903	0.216207767850165	0.1022083313602	0.356627689285824	0.177175048948361	0.286594130985246	0.215254544983013	0.242561778514598
"148"	"NPS beta-lactamase"	0.0240759058196976	0.0134537086209949	0.0195508199125101	0.0594783658540916	0.0283371047692579	0.0312589543879757	0.0217044719104671	0.0300770340361538	0.043843317197391	0.0108262211075224	0.0226924972120646	0.0183450084590872	0.0149470344601469
"149"	"NmcA beta-lactamase"	0.839440608957338	0.531537916371368	0.527315661452692	0.401647658903395	0.873948266430488	0.783728749348866	0.513151029678053	0.273269990750862	0.350950000902185	0.481729297958972	0.813974819777278	0.460465093852912	0.430465593210014
"150"	"OCH beta-lactamase"	0.491214350301816	0.256555936296007	0.0644771804170072	0.125687045768319	0.0418304367729002	0.402663965871774	0.0348344164034066	0.00691675237425043	0.0739127052050105	0.0672650310166532	0.150916831807289	0.0243659769741518	0.047087980173482
"151"	"OHIO beta-lactamase"	0.186424728796406	0.0291584701248886	0.0227929875745656	0.0193367113384161	0.00675198723260596	0.0672664592617506	0.00451092546146767	0.00324178531600923	0.0101916713661596	0.00433946161746199	0.0406099616235863	0.00566471941936626	0.0274933405019673
"152"	"OKP beta-lactamase"	0.411504043170963	0.175831618432363	0.0670865495414437	0.123377221250345	0.139337665613626	0.176226821361337	0.10892398661791	0.0448433540111021	0.112343839652072	0.0382893923879528	0.167109222871305	0.0946992839512207	0.172220939935728
"153"	"ORN beta-lactamase"	0.108755112141499	0.00631402819213588	0.0147316085075039	0.0282278891544846	0.00691675237425043	0.123836199071553	0.0122300056393915	0.00433946161746199	0.00783192117026306	0.0042485395645247	0.170458711112197	0.0195302096834331	0.0283371047692579
"154"	"ORR beta-lactamase"	0.166137866805575	0.0865481999815855	0.0564557783089693	0.0288699229533931	0.0194507118960554	0.164425631374041	0.0207329832834295	0.00957234809698819	0.0208886528589131	0.040934529191818	0.439429717877244	0.022176864602028	0.0592617676938706
"155"	"OXA beta-lactamase"	22.4859589356413	9.5254111061729	4.98276826473719	14.5082860032677	25.5063562057087	15.4465547085569	4.59066609039197	4.04213135068154	14.2238324494734	13.4190295261261	10.9356583448667	10.226236682383	6.79192120092816
"156"	"OXY beta-lactamase"	0.86725684976757	0.26794897241118	0.573147643870432	1.0368327003173	0.468179692283955	0.350115883426204	0.50699238803328	0.497934944646741	1.07504926939261	0.641897025425365	0.915626872281122	0.490126438414548	0.736580425375196
"157"	"PAC beta-lactamase"	0.0706711655629936	0.080396275837029	0.0869689289912284	0.071842197889093	0.0409000327780405	0.0924057355284121	0.0879786896062954	0.105640679651297	0.0907608717971885	0.11526739430566	0.110890120124386	0.0963692723199214	0.124923424343251
"158"	"PAM beta-lactamase"	0.274903394797583	0.0706622548053731	0.0433946161746199	0.0327780404533232	0.0237210125685962	0.180234121068452	0.0337339985441116	0.00862433623412198	0.0429810622834666	0.0197313381004246	0.190283276555259	0.0366361965622035	0.0273662811329039
"159"	"PAU beta-lactamase"	0.263624566004661	0.0694313858793919	0.0333581827622316	0.0608957337581873	0.0800361690168381	0.166894519112973	0.0513353347269166	0.0534007137461252	0.0461713311549936	0.0687475063683516	0.094293161643704	0.030975021502078	0.0953084882906714
"160"	"PDC beta-lactamase"	2.81389977772313	0.497472029888932	0.385909010444326	0.987316405581759	0.803401807432133	1.39098222976053	0.717653494490609	0.217833972628688	0.597243961575054	0.470264621445989	0.877525366437512	0.512202079929459	0.859497618546124
"161"	"PER beta-lactamase"	0.704582834169222	0.599044078597982	2.13042840734133	2.5389272588463	4.90724731721541	2.83935502357446	1.03826301084434	1.27919467206826	3.06182508318218	0.706410927265838	1.80048756451153	1.72375135039646	1.29315956200367
"162"	"PFM beta-lactamase"	0.28040361125863	0.149685964955155	0.146476572625748	0.0554421615050699	0.158248456589127	0.184290697857966	0.0748856765798116	0.0624617121716256	0.0550332906299056	0.0855831323426437	0.245279557545574	0.0486984025959624	0.0333581827622316
"163"	"PFM-like beta-lactamase"	0.250494880129035	0.118068994904391	0.0381934890368259	0.0507958008804605	0.0201259648624331	0.138722646778995	0.0570563716952349	0.00992403601522888	0.0544619933089551	0.0597911386814695	0.0703957106832723	0.0176943404217054	0.0251371924234378
"164"	"PLA beta-lactamase"	0.107416153258882	0.0324439315474113	0.032561410820808	0.0217044719104671	0.0767271276432496	0.0660652724892193	0.0279677378610996	0.0401981379185145	0.0455227987688461	0.0221794704892502	0.0104425615603508	0.0258452823508586	0.0586524597375302
"165"	"PLN beta-lactamase"	0.0151952590791673	0.0253979004402303	0.0102602958122208	0.0220974127612559	0.0204201751330314	0.0144349614766966	0.00583521356881662	0.0129094503971355	0.0221794704892502	0.00783192117026306	0.0435475305363781	0.0171069674234463	0.0372849457592813
"166"	"PME beta-lactamase"	0.257235145484384	0.0662972960174267	0.0448086425436577	0.0582575584677662	0.00060145672819569	0.180243263570113	0.0142683399126234	0.00626811122522288	0.00986241925144238	0.00885112409275978	0.198563014736431	0.0266321041137723	0.0431216811706099
"167"	"PNGM beta-lactamase"	0.0911587820239617	0.0939140042353375	0.0588581518540318	0.0490187233479487	0.075857776394616	0.161028407585321	0.0877535571531203	0.0472815981760326	0.0555850593025314	0.110584325130135	0.245903094650498	0.0743335646845752	0.143921435827972
"168"	"POM beta-lactamase"	0.205628702083909	0.0594587452402974	0.021351713850947	0.063538992193781	0.0224216770055511	0.104147078819088	0.0101524904058966	0.00885112409275978	0.0354358610914245	0.0550396818351295	0.0529780654381779	0.0169319336268202	0.024072232482518
"169"	"PRC beta-lactamase"	0.102100875665157	0.0138335047485009	0.0239892113384683	0.0271777903097589	0.0149470344601469	0.0379993212334986	0.00672685431049743	0.00549866810039346	0.0204179464872255	0.0114991149788293	0.0761937013206908	0.0149958169563227	0.0380566553110518
"170"	"PST beta-lactamase"	0.116983333634062	0.0414948520449182	0.0251394560365269	0.0390551545571579	0.009282276942534	0.114356523278456	0.0158850411789144	0.0142037888606786	0.0139632110457213	0.00846596681341009	0.051301479061104	0.0202559616978179	0.0576569650815005
"171"	"PSV beta-lactamase"	0.0142638553904406	0.00883278185067163	0.00964324803880443	0.00609149424353794	0.0187643830766507	0.0293262298687651	0.0079896312341317	0.00328546142252266	0.0208393029253171	0.0110495493362378	0.108645612742841	0.0108106809527813	0.0114276778357181
"172"	"R39 beta-lactamase"	0.262945121246917	0.0703957106832723	0.0420603173958572	0.0785979819437068	0.0464331972922114	0.274310672371855	0.0579062575719619	0.0735887884550262	0.0674811763034522	0.0933001872141914	0.255252189162893	0.038793958968622	0.114759200186727
"173"	"RAHN beta-lactamase"	0.589684617572891	0.117478817553946	0.0725792175606302	0.262103179452088	0.150027519840918	0.27803217288098	0.149131261559301	0.0410411832488832	0.158978608476813	0.121319864025657	0.223741902888797	0.183485048886123	0.169861189435993
"174"	"RCP beta-lactamase"	0.0725177886135469	0.014515843512126	0.0366577873359564	0.0443868401896206	0.00369614410033799	0.123733361119071	0.00828716200217834	0.00491053616916797	0.0150148346566408	0.00451092546146767	0.125132913197956	0.023101121763295	0.0419481289687993
"175"	"ROB beta-lactamase"	0.278633386440078	0.238886580805983	0.268984251549101	0.275157394136273	0.343848498267733	0.269924705213809	0.27437620845226	0.172970895244502	0.176828278089533	0.309914676210483	0.320018480897411	0.245902824989513	0.141844794528098
"176"	"RSA beta-lactamase"	0.203450719714558	0.0710189443033929	0.0201234512129513	0.0280028133058949	0.00315701409606794	0.108031795721695	0.0198195817467658	0.00300728364097845	0.0246375684016702	0.0156272294281113	0.0650919242619299	0.00957234809698819	0.0269074172419897
"177"	"RSA2 beta-lactamase"	0.293840882055288	0.0542101134716239	0.036468780119305	0.0343325282947388	0.0153454255286499	0.112310963231673	0.0129313196562073	0.0110220700744314	0.0278572350675028	0.0120540600485055	0.0388695346968611	0.00743494423791822	0.0574305334929984
"178"	"RSD2 beta-lactamase"	0.286656509115102	0.257235145484384	0.0552477466811889	0.170027314857441	0.132731138364704	0.118186247090453	0.127077984387562	0.0958017108419	0.172131977492659	0.0771589270848139	0.107983713931669	0.163738116767272	0.193526623226746
"179"	"RUB beta-lactamase"	0.864179843184245	0.383971839434263	1.1877359359175	1.16695294951412	1.73670630266505	1.69675043439923	1.01848769185821	0.561237035858418	0.800886457448012	0.423791821561338	0.806471321391041	1.32361557445449	0.610274459233584
"180"	"Rm3 family beta-lactamase"	0.0232829789585011	0.00797962127489795	0.0246243288368908	0.0141342331125987	0.0181539977696517	0.0292161245829908	0.013018384852386	0.00638156539799213	0.0102673039476013	0.0146631149343826	0.0967633116133729	0.00944570158975265	0.0273515850894788
"181"	"SCO beta-lactamase"	0.221587944633705	0.127325797888314	0.0664609684656237	0.167276122306076	0.292161245829908	0.153809806218931	0.0719376463046385	0.0545229244114002	0.198563014736431	0.203291728068462	0.0862433623412198	0.156946000156295	0.0844501270698174
"182"	"SFC beta-lactamase"	0.0726717997381413	0.00902185092293535	0.0317694960968905	0.0156272294281113	0	0.0310376135265981	0.00141617985484156	0	0.0079896312341317	0.00410682677815332	0.111360025007164	0.00473552114410191	0.0128901574440659
"183"	"SFH beta-lactamase"	0.0637544131887431	0.063538992193781	0.0502789120730539	0.0689492234774517	0.037129107770136	0.0594795539033457	0.0543757178816687	0.0426113665820358	0.0566742095385159	0.0586105394774545	0.0469605846790106	0.0619955191357456	0.0732723931244069
"184"	"SFO beta-lactamase"	0.0518685650561477	0.0095122266084156	0.0308583937241742	0.0104425615603508	0.0208886528589131	0.0623182384711259	0.0417236297782433	0.0139632110457213	0.0390736929849697	0.0169689507663652	0.0251664978669859	0.0282278891544846	0.0162393316612836
"185"	"SGM beta-lactamase"	0.870368734670028	0.34860341660278	0.20711080428029	0.402195078775004	0.730711894230064	1.04309074445608	0.325671363507559	0.351012008648311	0.317279916654828	0.425375195654175	0.631223648965178	0.175926092997239	0.531004434762312
"186"	"SHD beta-lactamase"	0.203954696020714	0.0475716693304868	0.0254912373871482	0.0873677264840294	0.0514887346199599	0.0911715544750038	0.0410273776342181	0.0153904437183312	0.0570849829665777	0.0534528113776411	0.0418012426096004	0.033714567286496	0.0659061415011652
"187"	"SHN beta-lactamase"	0.0295872577543271	0.0177022481855196	0.0336029717246267	0.0745698915185626	0.0275157394136273	0.076844929537107	0.0149958169563227	0.0257803148881318	0.0636628989441568	0.0156378749330879	0.0382530667289089	0.0421255749801262	0.0332692057338753
"188"	"SHV beta-lactamase"	1.37227827934148	1.399105549989	2.89757292757843	1.30638159813057	6.90432155044414	1.87960726744645	2.02191326765491	1.48106329053104	1.5770195413291	1.80308099276434	2.30467661826755	1.62970891855795	0.909082998059424
"189"	"SHW beta-lactamase"	0.642122241501503	0.295616355662873	0.105134765520725	0.230534788611321	0.265583810831715	0.464045667986373	0.178976829107158	0.0499209084402423	0.267771467102363	0.155592849523369	0.28254716753697	0.0759986424669972	0.114002478314746
"190"	"SIM beta-lactamase"	0.0585906290502992	0.00780297087849132	0.0175831618432363	0.0217044719104671	0.0417395574379278	0.0618611187853599	0.0105254927434246	0.00713192769522031	0.0360105721604305	0.0144648720582066	0.0217553365840641	0.0141617985484156	0.0274933405019673
"191"	"SMB beta-lactamase"	0.157702148281088	0.0807522988356039	0.0189420845764076	0.0656784212626216	0.0126124611115782	0.0682653386502108	0.0181539977696517	0.0142683399126234	0.026036769704772	0.00841206347917144	0.0824924765445212	0.020772746157042	0.0745698915185626
"192"	"SME beta-lactamase"	0.353616921513975	0.0820823664977664	0.101893625510235	0.153151313497736	0.08931632413706	0.240540470447885	0.139965620095258	0.063163274654169	0.0681667212967341	0.0704549477783679	0.122192624453188	0.169557729524351	0.113759101754847
"193"	"SPG beta-lactamase"	0.27742261369197	0.114169965933155	0.0486480642875161	0.0345837618712522	0.0136154983272388	0.33360737605229	0.013018384852386	0.00667163655244631	0.0155779784032572	0.0415454923140839	0.472275979617563	0.0143738937235366	0.0449347469327151
"194"	"SPM beta-lactamase"	0.129515391461805	0.0522516246051098	0.0255619109483168	0.0667807775097902	0.10259615841934	0.0819676083298377	0.0313276846810523	0.0290316870242521	0.0739265377941788	0.0674679970882233	0.0743335646845752	0.0651228216416161	0.0489337184890531
"195"	"SPN79 beta-lactamase"	0.245642694982643	0.0219531705791427	0.0382530667289089	0.0217422322478071	0.000964324803880443	0.0643957962888296	0.00743494423791822	0.00672059434492534	0.0239688937023951	0.00698160552286065	0.331475162155826	0.00907641552619532	0.0398981063744898
"196"	"SPR beta-lactamase"	0.587623223447189	1.05682201301901	1.14282608252536	1.23819304818249	2.05428391584456	1.19136130288547	1.60255626970356	1.72487260976866	2.47066698973704	1.5271301674959	0.928556771005983	2.27419206334592	1.23121644184454
"197"	"SPS beta-lactamase"	0.43893773178765	0.18480897410636	0.0617167874483484	0.0783192117026307	0.071517082669499	0.271878589408343	0.17310867673952	0.0529780654381779	0.10680142749225	0.0595886410632823	0.158978608476813	0.115313930163001	0.0586420309990798
"198"	"SPU beta-lactamase"	0.0108711161239035	0.00482162401940222	0.004641138471267	0	0.0122192624453188	0.0159792624682634	0.00164273071126133	0.00651228216416161	0.00473552114410191	0.00552435319031397	0.0414409436523285	0.00120291345639138	0.0097253559480277
"199"	"SRT beta-lactamase"	0.630186259335869	0.152287356088449	0.114710568242167	0.369632688970894	0.498020346927543	0.346616180076141	0.250722863320222	0.079319979163707	0.265782770156216	0.253450409004096	0.231861568719438	0.236650328068674	0.292840690587652
"200"	"SST beta-lactamase"	0.13024194834993	0.0828465215082315	0.050709939148073	0.126946362942315	0.0780297087849132	0.184297585245774	0.105365345456267	0.0398981063744898	0.183180982811017	0.052326735353025	0.127077984387562	0.108711161239035	0.0496627273998428
"201"	"STA beta-lactamase"	0.0704549477783679	0.0452112710476796	0.045274576993413	0.0365507583255646	0.0358175519028888	0.0797146059257155	0.0349875702053218	0.0174172082017033	0.0231560840355341	0.0259342825280739	0.103275603177084	0.0395373169590982	0.0191446961939764
"202"	"Sed beta-lactamase"	0.310369266111098	0.166894519112973	0.0423003158149792	0.089218265649014	0.0682704298274692	0.170641131878587	0.0738729865106725	0.021351713850947	0.0933634171010659	0.0645472519856773	0.127773036514159	0.0272666885186936	0.0417773057178262
"203"	"Subclass B1 Vibrio cholerae varG beta-lactamase"	0.529091135060277	0.129775726189645	0.126338273984735	0.175608909093779	0.151612804223061	0.30510144022294	0.105555655798344	0.139396768588397	0.190244532168312	0.164417379061616	0.106166042530233	0.0966542750929368	0.202839756592292
"204"	"TEM beta-lactamase"	1.22095960114498	0.63104014170726	0.271897839023851	0.521130650952951	0.383178580437472	0.529883377540403	0.322233460411318	0.226255104328743	0.322084484496068	0.134012873357835	0.702425208001416	0.360468242136905	0.597446868952293
"205"	"TER beta-lactamase"	0.489723618744953	0.0631402819213588	0.169413497836295	0.143541819317486	0.26373877531381	0.422080448144402	0.072021144320861	0.0535200266153646	0.102685188676782	0.0371747211895911	0.398958918839659	0.130497310157485	0.0476391906265786
"206"	"THIN-B beta-lactamase"	0.135751606130921	0.0626093361568916	0.0372367899484691	0.0294713796815888	0.0194507118960554	0.149477846703674	0.0197686584795491	0.0069617077069005	0.016286068330678	0.0213837092793079	0.330238091010777	0.0151952590791673	0.0429810622834666
"207"	"TLA beta-lactamase"	0.854433293435227	0.555548882295708	0.211412039960785	0.820820042013538	1.21280889257299	0.590648942376771	0.408420185471496	0.254558328907771	0.892006158508272	1.0058057986968	0.354829833632447	0.714397353408529	0.441587346687503
"208"	"TMB beta-lactamase"	0.0720712063518757	0.00902185092293535	0.0116704271376332	0.0305750140984787	0.000482162401940222	0.0261064039008769	0.00212426978226235	0	0.00621415762654688	0.00205341338907666	0.0286540415223111	0.00552477466811889	0.0282355829727158
"209"	"TRU beta-lactamase"	0.199082177032773	0.106330558365103	0.134530062033306	0.147541694993708	0.0809298520927183	0.151885289431758	0.151518854321953	0.14736430942954	0.120740707277708	0.139362838313058	0.155088317469338	0.154681889328791	0.209006498420439
"210"	"TTU beta-lactamase"	0.267123110039161	0.0346516826449426	0.0313405561261144	0.018564553885068	0.00212426978226235	0.113639140741465	0.0133160520568862	0.001232048033446	0.00976842324624241	0.00315701409606794	0.103735076573673	0.00720712063518757	0.0180437018458707
"211"	"TUS beta-lactamase"	0.112108385027755	0.0593059754386472	0.0110227038692591	0.0541688794476899	0.0739265377941788	0.0985387852209577	0.0788510741405438	0.0853108963505171	0.0710328171615286	0.0896172850873155	0.0672664592617506	0.0424026993377961	0.0810446329002308
"212"	"VAM beta-lactamase"	0.323530971701889	0.106746184839141	0.0902814657461498	0.345194164080256	0.243239884239121	0.218893867275572	0.215556539633749	0.100235197550157	0.227726114845165	0.178376235720892	0.125102999464704	0.177001478254104	0.259547897458197
"213"	"VCC beta-lactamase"	0.174622834981421	0.0701009028146575	0.105696620152008	0.433215560250697	0.196306319995729	0.285237958790278	0.152720556897287	0.139336463800141	0.341137043398878	0.102548372157365	0.192562047770948	0.236446775694902	0.19672225999161
"214"	"VEB beta-lactamase"	0.210302708443972	0.215059019037611	0.203291728068462	0.133471870289983	0.315845684961838	0.25137724739941	0.200104348893595	0.126725204502048	0.15908530460776	0.382530667289089	0.305070696227043	0.156220618228632	0.102105046367874
"215"	"VHH beta-lactamase"	0.0940883208289548	0.0284075777213572	0.00780297087849132	0.00586105394774545	0.00157850704803397	0.0521744467974097	0.00660652724892194	0.000902185092293535	0.00324178531600923	0.00543555806195177	0.0226616328911904	0.00261064039008769	0.0148698884758364
"216"	"VHW beta-lactamase"	0.0985387852209577	0.017248672468244	0.0221417593581495	0.0252561127685435	0.0208697787189639	0.0594587452402974	0.0120291345639138	0.025285925464872	0.0339722378871986	0.0298940689202937	0.0469915270215784	0.032572136661356	0.0751484640387106
"217"	"VIM beta-lactamase"	0.848059729688662	0.352314465081143	0.177187416141813	0.35110333609551	0.498492510600473	0.42703427701894	0.240540470447885	0.116864498331963	0.234330927342948	0.119509315635125	0.520446096654275	0.247440064517706	0.37551266800419
"218"	"VMB beta-lactamase"	0.0358175519028888	0.0149958169563227	0.00797962127489795	0.027627295768219	0.00571383891785905	0.0512202079929459	0.00747389233518369	0.00192864960776089	0.00986241925144238	0.00495662949194548	0.040323566069552	0.0124283152530938	0.0246409606689199
"219"	"YEM beta-lactamase"	0.0149958169563227	0.0110487063806279	0.0150148346566408	0.00781893746654397	0.0213957830856609	0.0258189007942709	0.0101254104407447	0.00522128078017538	0.0116834838024429	0.00733155746719128	0.0710189443033929	0.00698160552286065	0.0214905311417333
"220"	"YRC Beta-lactamase"	1.29085719547003	0.754945886535897	0.442672151952028	1.95674161674317	2.53908505968922	0.896822067608812	0.736780732313636	0.620640821384316	1.32395708595029	1.85803313033752	0.811508971363097	1.37083539555602	0.813325756499503
"221"	"ZOG beta-lactamase"	0.235432607416127	0.0369895887840349	0.075857776394616	0.144721733399466	0.0593059754386472	0.0707773616868218	0.0679766330323951	0.0415454923140839	0.146476572625748	0.0546207961494392	0.268306025163458	0.0441981973449511	0.116625234017739
"222"	"amp acetyltransferase"	0.060145672819569	0.0615939210041754	0.107352271723548	0.0896822067608812	0.0591745155086543	0.0559391042662418	0.0977540995625504	0.075457628322355	0.0505139693712859	0.0833572117012686	0.275844106643936	0.100052174446797	0.0894884145535789
"223"	"ampC-type beta-lactamase"	0.789050545916647	0.29080235631442	0.0988432923977454	0.120089457944034	0.0538148344839795	0.517485764559251	0.126946362942315	0.0308012008361499	0.0781473859699393	0.0406465564868747	0.284811097811742	0.0762753600557351	0.0947294346908212
"224"	"blaF family beta-lactamase"	0.139286175337514	0.00867892323492399	0.013923415413801	0.0173482032218092	0.00061096312226594	0.0825595227526943	0.00657092284504532	0	0.00868178876418683	0.00429671914802197	0.106305029369017	0.00330801200507629	0.0239892113384683
"225"	"blaS"	0.19527577278579	0.0655560809066464	0.073287307488051	0.256604511351695	0.414573087371056	0.180700378238746	0.212951626768085	0.121150415936607	0.222815578675997	0.193391070377533	0.0724755357475806	0.143286910967608	0.233049551906182
"226"	"capreomycin phosphotransferase"	0.0797695674749016	0.0718711276332094	0.10386373078521	0.148252046233333	0.22176864602028	0.216858996066582	0.0473552114410191	0.0675198723260596	0.141139445772423	0.0360874036917414	0.141990196841204	0.105313937450316	0.0525557018114841
"227"	"chloramphenicol acetyltransferase (CAT)"	3.77482740308019	3.63217576187101	4.83994105427623	2.45793582672476	9.07616765219203	3.32315196287351	5.62195009667618	1.88346085932902	3.56994641020552	5.6530252340569	6.2440973236671	2.39441848803514	1.399303249087
"228"	"chloramphenicol phosphotransferase"	0.359246315892373	0.22104646414431	0.0669412764838992	0.181041444163693	0.0919480355479787	0.258416965902464	0.0894884145535789	0.0318772065943716	0.118000985502736	0.0917250422954362	0.139344934160724	0.0426404597047656	0.0839086563993627
"229"	"class A Bacillus anthracis Bla beta-lactamase"	0.488255242085826	0.0517460174047319	0.0377712365521373	0.0367002888667898	0.00736580425375196	0.230627860326002	0.00481165382556552	0.00194507118960554	0.0264983455520149	0.00964324803880443	0.0907922713441607	0.0127456186935741	0.0354358610914245
"230"	"class A Bacillus cereus Bc beta-lactamase"	0.904733939227177	1.00940373544505	0.47631450174425	1.56707485498573	1.10329005056996	0.582811569621624	1.53466116859877	0.831640383478621	1.22228168891846	0.548814624227323	0.571782616392282	1.06063198025367	1.44346004296646
"231"	"class A LRA beta-lactamase"	0.644715934251999	0.152720556897287	0.113556148912009	0.126725204502048	0.0303735647738823	0.451904873051687	0.0903661527799482	0.0448411033804406	0.0365489654612276	0.0368206762258807	0.450890784232264	0.100314258828543	0.0825472182408818
"232"	"class A Mycobacterium abscessus beta-lactamase"	0.0244668592445265	0.0153454255286499	0.0330326362446097	0.0234568123996319	0.0661324204465883	0.0618294729547014	0.0313405561261144	0.0124730596415301	0.0247831474597274	0.0329920086023608	0.192638886422953	0.0217661819242126	0.0612154523431191
"233"	"class A Mycobacterium tuberculosis bla beta-lactamase"	0.181689838259215	0.0582575584677662	0.0168407883894793	0.050571850929744	0.0156272294281113	0.0911286939667019	0.00580142308908375	0.00920516905647017	0.0323810454800948	0.0159792624682634	0.0846006316299585	0.0221417593581495	0.0331486480087134
"234"	"class C LRA beta-lactamase"	0.631824242351443	0.0845046703114944	0.097253559480277	0.179373416044409	0.0554486762231255	0.169981696510154	0.0191184280403611	0.0256604511351695	0.090549153986826	0.0266943740579966	0.328219021073745	0.0422250635349087	0.0791823957278335
"235"	"class C LRA beta-lactamase; class D LRA beta-lactamase"	0.245995801832037	0.212012759667004	0.149477846703674	0.118611950877294	0.0675865789878257	0.158966188705966	0.12035973508639	0.0994265220247501	0.0866540450190351	0.156946000156295	0.40054616343862	0.114169965933155	0.126725204502048
"236"	"cpa acetyltransferase"	0.00842864182162401	0.000679444757743972	0.00530378642134244	0.00116028461781675	0.000708089927420782	0.020161783034776	0.00177547360758482	0.001232048033446	0.00911719502982625	0.00315701409606794	0.0386704723321978	0.00060059338626563	0.00511238218966337
"237"	"fosC phosphotransferase family"	0.180732305559896	0.0376086673513373	0.023205692356335	0.048858204992034	0.0360468242136905	0.165119045505389	0.0238195953132893	0.0169319336268202	0.0217044719104671	0.0325323021207378	0.0912901947123758	0.0150364182048922	0.0408464949817163
"238"	"fosfomycin thiol transferase"	2.85006195786865	0.662812587927819	0.514073287307488	1.77790268579389	1.65385366546526	1.71213608381212	1.36562556982469	0.52603747375732	1.50385170180769	1.28226687967712	1.18787703818649	1.52039731320833	1.64901242704462
"239"	"fusidic acid inactivation enzyme"	0.383474066188436	0.288192600460258	0.631735868422982	1.28455515508762	1.82219904146663	0.76844929537107	0.391075121150416	0.526041187122119	0.756147073308429	0.28749631607754	0.90575481729298	0.790194253256239	0.349567741406661
"240"	"gimA family macrolide glycosyltransferase"	0.123915737298637	0.106307583274274	0.110079363670259	0.0677626418395298	0.0436322904998828	0.11246862717242	0.0534020808397017	0.0294290759270159	0.0315764782302737	0.0661324204465883	0.19839786926124	0.0405016417629786	0.0411901039324946
"241"	"lincosamide nucleotidyltransferase (LNU)"	1.99846037293189	1.47275535749161	0.526905875637071	1.45679752012295	1.16296506763903	1.6026762422122	0.972360692364056	0.309148758292585	1.47825410410021	1.00421935194559	1.21842438970294	0.433366304754556	0.457780138077536
"242"	"macrolide esterase"	1.74795376666726	0.321564536729405	0.559405037901482	0.509068522990955	1.13372003805666	0.962751198183806	0.245695073467939	0.462926943126118	0.857459284272892	0.377050998317253	0.371581148855814	0.302000354044964	0.621960458466727
"243"	"macrolide phosphotransferase (MPH)"	3.44562766687064	2.55346583656777	1.42144559675459	2.91501703342234	4.84618803377737	2.18058136807347	2.29712907492414	1.94321200714776	3.02315826016519	0.969127727031441	2.50734643299699	2.32165986461057	3.60421142339719
"244"	"mgt macrolide glycotransferase"	0.949490739534762	0.501175987750785	0.523585919037535	0.972961285750321	0.727461912752687	0.966052024170751	1.37315785540057	0.580523531936027	0.645408318660567	0.510178792706674	0.729489967985532	1.04841716527884	0.519513587436396
"245"	"nitroimidazole reductase"	2.83342015122098	3.36064819077433	5.75308404703847	3.03946157593692	28.7825151067196	9.05563973121165	3.56173366313242	2.16015988722034	6.15294742432289	5.04044575869401	7.73751398185466	3.98731811890906	4.35541431139128
"246"	"ole glycosyltransferase"	2.19685111868152	0.736327491561663	0.283586847344268	0.802666044243886	0.958017108419	1.1268135333343	0.208851231207015	0.209594618516552	0.599354822942887	0.549509081547503	0.711713080653971	0.530099768162755	0.398178402866569
"247"	"rifampin ADP-ribosyltransferase (Arr)"	0.619211781239865	0.138335047485009	0.192562047770948	0.317980146624179	0.128255198916099	0.215522867759461	0.0810762966896796	0.125858403186784	0.336452248637324	0.109241592298878	0.338638672536404	0.111284746886395	0.213608323358807
"248"	"rifampin glycosyltransferase"	0.0962330765113104	0.0330662102232942	0.0387283511914064	0.0453232657823808	0.000870213463362563	0.0584174190122145	0.0061096312226594	0.000887736803792412	0.01232048033446	0.0104196514626586	0.053669239633155	0.00859343829604395	0.0306302626995472
"249"	"rifampin monooxygenase"	3.4064680100625	1.0708049382045	0.513985120468276	0.666583512935723	0.5246946362188	1.91659131454825	0.964969905722351	0.346205497398325	0.805569303706791	0.39778377610456	1.88196298683362	0.625818308488787	0.505524380048477
"250"	"rifampin phosphotransferase"	3.7022944849469	1.43684395778186	0.677316145650528	1.29297220747035	2.01678926659987	3.7666672584912	1.20699639009926	1.17872307171325	1.77305804170416	1.73832980388546	2.67864650274471	0.808658571059105	2.14671023626131
"251"	"streptogramin vat acetyltransferase"	1.34571526381516	0.29645271985218	0.313683837847407	0.934162613944622	1.42836851730199	0.926089438473574	0.870692125348407	0.325961705419015	0.98579013596047	0.745936985741913	0.570180978329514	0.747555693871729	0.90502041731497
"252"	"streptogramin vgb lyase"	2.13086270062046	2.21986192246415	2.90024194139642	9.07622108197362	3.97622968660805	4.617859282607	2.92378967972092	3.97630666298376	5.23417136130497	2.49363959509933	4.06973728571799	5.34179468538311	3.42817467779497
"253"	"streptothricin acetyltransferase (SAT)"	0.474420251371924	0.403846623817786	0.40125703531417	0.455857772375019	0.568522232931308	0.49209957222459	0.599085412638492	0.338734669853816	0.305239289559313	0.67753313104593	1.12040440551981	0.386212083954117	0.306605210258076
"254"	"subclass B1 Bacillus anthracis Bla beta-lactamase"	0.12341455069772	0.0541519450313371	0.00369614410033799	0.0273515850894788	0.0106549225742293	0.0810238467912715	0.0144142412703751	0.00330801200507629	0.00518685650561477	0.0149477846703674	0.0308583937241742	0.00377092500790444	0.0152239334395468
"255"	"subclass B1 Bacillus cereus Bc beta-lactamase"	0.569927028034728	0.172076042004624	0.203183203521842	0.187842338716042	0.361538225454992	0.318314494720784	0.157581662787271	0.170517907622086	0.396116293764735	0.263742833861301	0.182454756151684	0.207116303770579	0.307925413622034
"256"	"subclass B1 Bacteroides xylanisolvens crx beta-lactamase"	0.152363273469488	0.056656854828206	0.0177582042903822	0.0368290212687598	0.00300296693132815	0.0556347473581013	0.0097253559480277	0.00407666854646383	0.0163935216659675	0.004641138471267	0.055231014338821	0.0128302255675847	0.045274576993413
"257"	"subclass B1 PEDO beta-lactamase"	0.147177576910052	0.0209152183864501	0.0184145106343799	0.0330326362446097	0.0060145672819569	0.0849347752794419	0.00679444757743972	0.00819676083298377	0.0069617077069005	0.00743494423791822	0.0317700823578289	0.0204179464872255	0.00985638426756798
"258"	"subclass B3 LRA beta-lactamase"	0.853972312986378	0.651259859435902	0.52371743282363	0.398465082429645	1.21761456469307	1.29094503971355	0.484573213949923	0.201309381191206	0.580279695521331	0.510765170214326	2.05954938479839	0.422592475471977	0.666857693610149
"259"	"subclass B3 PEDO beta-lactamase"	0.721234999846546	0.413808843137019	0.626417182415811	0.294354106693638	6.83725259717759	0.418516964884112	0.737070803468091	0.0909895556735705	2.42857841100711	3.14436375903272	1.26325991695996	0.217510224282998	0.48696942431848
"260"	"tetracycline inactivation enzyme"	7.57228141403707	1.66453149528157	4.17023263051428	5.0883617907446	7.6673465156534	3.52958580739855	1.88387325190299	2.46095945648721	7.69934129929159	1.94252906606652	6.61387376592253	2.17755047276286	3.83205966301446
"261"	"viomycin phosphotransferase"	0.275467181513626	0.156902409294847	0.0604705834392135	0.0911286939667019	0.0150837000316178	0.166401132943884	0.051320902270339	0.0310707881327344	0.0353187102921186	0.0579593112610383	0.160218465375448	0.0638369701991836	0.0564557783089693
